
  Bayesian network parameters

  Parameters of node lt (multinomial distribution)

Conditional probability table:
                  0 0.0218990557368131 0.0414266247281243 0.0465476943024239 
       0.464179104        0.001492537        0.001492537        0.001492537 
0.0692109337909999 0.0971403867559295  0.116676167624803  0.156833010422539 
       0.001492537        0.001492537        0.001492537        0.001492537 
  0.21182918721203  0.220145017859683  0.243626563804052  0.258917008478551 
       0.001492537        0.001492537        0.001492537        0.001492537 
 0.273589451222699  0.289020780087743  0.299869831261342  0.307782634937899 
       0.001492537        0.001492537        0.001492537        0.001492537 
 0.310052788997392  0.314730833964057  0.326007662318787  0.332065487091099 
       0.001492537        0.001492537        0.001492537        0.001492537 
 0.339893993440115  0.349609174352117  0.356342064778678  0.365713541748996 
       0.001492537        0.001492537        0.001492537        0.001492537 
 0.365883932397481  0.372665400039293  0.408938687563834  0.438695553149881 
       0.001492537        0.001492537        0.001492537        0.001492537 
 0.445751647231691  0.455426933024208  0.473077677363376  0.480920831666821 
       0.001492537        0.001492537        0.001492537        0.001492537 
 0.481023990861576     0.497369858193  0.499368338182269  0.522256099977669 
       0.001492537        0.001492537        0.001492537        0.001492537 
 0.524805688469739  0.534924483082157  0.546848220451634  0.550516185302136 
       0.001492537        0.001492537        0.001492537        0.001492537 
 0.578510123720712  0.626933435011567  0.640337351047271  0.658186406103614 
       0.001492537        0.001492537        0.001492537        0.001492537 
 0.661629002320095  0.676289408914407  0.684266459017479  0.688108284893327 
       0.001492537        0.001492537        0.001492537        0.001492537 
 0.694739441151651  0.694741775877143  0.760911626646944  0.763048414891966 
       0.001492537        0.001492537        0.001492537        0.001492537 
 0.764873999083498  0.771202033938225  0.779065253576549  0.781854559882511 
       0.001492537        0.001492537        0.001492537        0.001492537 
 0.797480479894465   0.82662479119944  0.832232082124525  0.850621207546435 
       0.001492537        0.001492537        0.001492537        0.001492537 
 0.853463598016877  0.858486369154948  0.885225540630889  0.885905457581666 
       0.001492537        0.001492537        0.001492537        0.001492537 
 0.888036088261204  0.891772900666782  0.902357679448213  0.915799748146124 
       0.001492537        0.001492537        0.001492537        0.001492537 
 0.937255080067419  0.938764348334693   0.94768237273229  0.957643560693177 
       0.001492537        0.001492537        0.001492537        0.001492537 
 0.961587086967829  0.967709453956591  0.968788334911451  0.974164778200807 
       0.001492537        0.001492537        0.001492537        0.001492537 
 0.993534697135967  0.997087436015365                  1   1.00106096086271 
       0.001492537        0.001492537        0.161194030        0.001492537 
  1.00410911135935   1.00805052654884   1.01487846023227   1.01525240378741 
       0.001492537        0.001492537        0.001492537        0.001492537 
  1.03590759097399   1.04160383540115   1.04167266669852   1.08521603552288 
       0.001492537        0.001492537        0.001492537        0.001492537 
  1.09341956915558   1.09425020151523   1.10920460523501   1.15452241198288 
       0.001492537        0.001492537        0.001492537        0.001492537 
  1.19014155908246   1.21264830981838    1.2348839784815   1.26241550759659 
       0.001492537        0.001492537        0.001492537        0.001492537 
  1.32350161689805   1.32613691284884   1.34704302532626   1.37325649360239 
       0.001492537        0.001492537        0.001492537        0.001492537 
   1.3819699199852   1.38798923225922   1.40231099234722   1.42910514866365 
       0.001492537        0.001492537        0.001492537        0.001492537 
  1.43553075927751   1.45976392389153   1.47151646859144   1.48094821323898 
       0.001492537        0.001492537        0.001492537        0.001492537 
  1.48641268253875   1.49035290926187   1.50251370299891   1.51518369647442 
       0.001492537        0.001492537        0.001492537        0.001492537 
  1.52858336038807   1.53573175806028   1.56137265987271   1.57535361390021 
       0.001492537        0.001492537        0.001492537        0.001492537 
  1.60903820737419   1.65447432720944   1.67494379493388   1.69743855472143 
       0.001492537        0.001492537        0.001492537        0.001492537 
  1.70037460385988   1.73940203988966   1.80390176581706   1.81444714907647 
       0.001492537        0.001492537        0.001492537        0.001492537 
  1.82879921178342   1.88783385205369   1.89638052187087   1.89685121582739 
       0.001492537        0.001492537        0.001492537        0.001492537 
  1.90286108126836   1.94756048014625   1.97911618463736   1.98203382161958 
       0.001492537        0.001492537        0.001492537        0.001492537 
  1.98370869235291                  2   2.05987677005832   2.07569919989247 
       0.001492537        0.086567164        0.001492537        0.001492537 
  2.07588485437754   2.07921095059787   2.09356637993208   2.09967483682393 
       0.001492537        0.001492537        0.001492537        0.001492537 
  2.12352807393952   2.14201619297476   2.14275817774293   2.21689366512002 
       0.001492537        0.001492537        0.001492537        0.001492537 
  2.29844388810486   2.31702086932791   2.34470187447983   2.37843061182618 
       0.001492537        0.001492537        0.001492537        0.001492537 
   2.3784788111381   2.37988158465974   2.45780792380823   2.45957543580045 
       0.001492537        0.001492537        0.001492537        0.001492537 
  2.48064260007589    2.5044234663268   2.54258284135241   2.58040633339848 
       0.001492537        0.001492537        0.001492537        0.001492537 
  2.58068143961099   2.60758084678448   2.60980814564061   2.62699380330239 
       0.001492537        0.001492537        0.001492537        0.001492537 
   2.6992658782618    2.7453089006344   2.75940265328912   2.77960688358642 
       0.001492537        0.001492537        0.001492537        0.001492537 
  2.95034294014271   2.97522945689739                  3                  4 
       0.001492537        0.001492537        0.031343284        0.007462687 
                 5                  6 
       0.002985075        0.002985075 

  Parameters of node tt (multinomial distribution)

Conditional probability table:
 
                    estado
tt                             0           1
  0                  0.358208955 0.208955224
  0.0098276095483556 0.000000000 0.002985075
  0.0155170001471865 0.000000000 0.002985075
  0.0257853662148306 0.000000000 0.002985075
  0.0485701933779648 0.000000000 0.002985075
  0.0531007995952382 0.000000000 0.002985075
  0.0710347896115723 0.000000000 0.002985075
  0.0832076708022973 0.000000000 0.002985075
  0.0842002518538761 0.000000000 0.002985075
  0.085600394108292  0.000000000 0.002985075
  0.0875591927509066 0.000000000 0.002985075
  0.0976423205517875 0.000000000 0.002985075
  0.0988102839696506 0.000000000 0.002985075
  0.102074445944791  0.000000000 0.002985075
  0.103619478129132  0.000000000 0.002985075
  0.108227099333218  0.000000000 0.002985075
  0.114774459369111  0.000000000 0.002985075
  0.148354468060054  0.000000000 0.002985075
  0.151280722639286  0.000000000 0.002985075
  0.158421901195744  0.000000000 0.002985075
  0.162440802585013  0.000000000 0.002985075
  0.166003850982474  0.000000000 0.002985075
  0.167847991484985  0.000000000 0.002985075
  0.169946996720058  0.000000000 0.002985075
  0.183481554204332  0.000000000 0.002985075
  0.199349673647851  0.000000000 0.002985075
  0.212323193049894  0.000000000 0.002985075
  0.214439845308302  0.000000000 0.002985075
  0.218145440117489  0.000000000 0.002985075
  0.220885792544363  0.000000000 0.002985075
  0.235126000916502  0.000000000 0.002985075
  0.252239890917823  0.000000000 0.002985075
  0.259525893380512  0.000000000 0.002985075
  0.270118038054237  0.000000000 0.002985075
  0.283322124452885  0.000000000 0.002985075
  0.287451268292712  0.000000000 0.002985075
  0.306005383870391  0.000000000 0.002985075
  0.309015040007401  0.000000000 0.002985075
  0.334249085421701  0.000000000 0.002985075
  0.359662648952729  0.000000000 0.002985075
  0.365883932397481  0.000000000 0.002985075
  0.368515795073742  0.000000000 0.002985075
  0.373647803812254  0.000000000 0.002985075
  0.378061898477666  0.000000000 0.002985075
  0.38028311816493   0.000000000 0.002985075
  0.383606417784631  0.000000000 0.002985075
  0.393917934805741  0.000000000 0.002985075
  0.393937265858719  0.000000000 0.002985075
  0.405039040211069  0.000000000 0.002985075
  0.42111648643477   0.000000000 0.002985075
  0.438627340127291  0.000000000 0.002985075
  0.470548775538525  0.000000000 0.002985075
  0.473903170216069  0.000000000 0.002985075
  0.480920831666821  0.000000000 0.002985075
  0.488906433153082  0.000000000 0.002985075
  0.500631661817731  0.000000000 0.002985075
  0.509647090738133  0.000000000 0.002985075
  0.528415169701205  0.000000000 0.002985075
  0.52848353140856   0.000000000 0.002985075
  0.557047271209167  0.000000000 0.002985075
  0.570497236408952  0.000000000 0.002985075
  0.570894851336355  0.000000000 0.002985075
  0.580187921730854  0.000000000 0.002985075
  0.619544186676528  0.000000000 0.002985075
  0.623783430213346  0.000000000 0.002985075
  0.652512429374765  0.000000000 0.002985075
  0.652630279424175  0.000000000 0.002985075
  0.670906796948193  0.000000000 0.002985075
  0.679768974101954  0.000000000 0.002985075
  0.686416506997782  0.000000000 0.002985075
  0.689403748959668  0.000000000 0.002985075
  0.689947211002608  0.000000000 0.002985075
  0.716345568682848  0.000000000 0.002985075
  0.723767003858405  0.000000000 0.002985075
  0.724575169292605  0.000000000 0.002985075
  0.734720025259088  0.000000000 0.002985075
  0.737597155765131  0.000000000 0.002985075
  0.745467292582888  0.000000000 0.002985075
  0.746012393395218  0.000000000 0.002985075
  0.751256851499456  0.000000000 0.002985075
  0.761175622887598  0.000000000 0.002985075
  0.773500784176031  0.000000000 0.002985075
  0.777124176384154  0.000000000 0.002985075
  0.779065253576549  0.000000000 0.002985075
  0.779854982140317  0.000000000 0.002985075
  0.786749649797054  0.000000000 0.002985075
  0.78817081278797   0.000000000 0.002985075
  0.79703029920255   0.000000000 0.002985075
  0.82379830776536   0.000000000 0.002985075
  0.82661202157123   0.000000000 0.002985075
  0.829408806712952  0.000000000 0.002985075
  0.833967256454451  0.000000000 0.002985075
  0.842979752558576  0.000000000 0.002985075
  0.861788737239627  0.000000000 0.002985075
  0.888036088261204  0.000000000 0.002985075
  0.890795394764991  0.000000000 0.002985075
  0.891444519161687  0.000000000 0.002985075
  0.910473680823677  0.000000000 0.002985075
  0.914783964477122  0.000000000 0.002985075
  0.91561584761646   0.000000000 0.002985075
  0.941661916187599  0.000000000 0.002985075
  0.944598468955764  0.000000000 0.002985075
  0.948849571475811  0.000000000 0.002985075
  0.952947958386297  0.000000000 0.002985075
  0.953452305697576  0.000000000 0.002985075
  0.959367340712528  0.000000000 0.002985075
  0.961587086967829  0.000000000 0.002985075
  0.967709453956591  0.000000000 0.002985075
  0.968788334911451  0.000000000 0.002985075
  0.971430419047789  0.000000000 0.002985075
  0.974164778200807  0.000000000 0.002985075
  0.984747596212586  0.000000000 0.002985075
  0.991068834787065  0.000000000 0.002985075
  0.997087436015365  0.000000000 0.002985075
  1                  0.361194030 0.062686567
  1.0088469326536    0.000000000 0.002985075
  1.04586422360001   0.000000000 0.002985075
  1.05677485675754   0.000000000 0.002985075
  1.12043760002826   0.000000000 0.002985075
  1.14937879245357   0.000000000 0.002985075
  1.16718931863667   0.000000000 0.002985075
  1.19344189399717   0.000000000 0.002985075
  1.21961629128121   0.000000000 0.002985075
  1.23959498298022   0.000000000 0.002985075
  1.24313877634765   0.000000000 0.002985075
  1.25345713879895   0.000000000 0.002985075
  1.26765228693336   0.000000000 0.002985075
  1.28731587044264   0.000000000 0.002985075
  1.30525822412286   0.000000000 0.002985075
  1.3389299367125    0.000000000 0.002985075
  1.34704302532626   0.000000000 0.002985075
  1.36178302801075   0.000000000 0.002985075
  1.36595826134419   0.000000000 0.002985075
  1.36970101994483   0.000000000 0.002985075
  1.3844347301242    0.000000000 0.002985075
  1.39422307295597   0.000000000 0.002985075
  1.41331239559972   0.000000000 0.002985075
  1.42658528818762   0.000000000 0.002985075
  1.4292105488201    0.000000000 0.002985075
  1.46941180044009   0.000000000 0.002985075
  1.4821659830429    0.000000000 0.002985075
  1.48641268253875   0.000000000 0.002985075
  1.49101691080979   0.000000000 0.002985075
  1.50402526327442   0.000000000 0.002985075
  1.5127468723919    0.000000000 0.002985075
  1.53573175806028   0.000000000 0.002985075
  1.53794242718877   0.000000000 0.002985075
  1.53819999270579   0.000000000 0.002985075
  1.55580059996458   0.000000000 0.002985075
  1.56621266975996   0.000000000 0.002985075
  1.58954803865507   0.000000000 0.002985075
  1.59106131243617   0.000000000 0.002985075
  1.60903820737419   0.000000000 0.002985075
  1.62515344854403   0.000000000 0.002985075
  1.63120775379829   0.000000000 0.002985075
  1.64853092323664   0.000000000 0.002985075
  1.65039082564788   0.000000000 0.002985075
  1.66629718056507   0.000000000 0.002985075
  1.67399233768121   0.000000000 0.002985075
  1.68526916603594   0.000000000 0.002985075
  1.68923940556905   0.000000000 0.002985075
  1.69601326768081   0.000000000 0.002985075
  1.71596761405049   0.000000000 0.002985075
  1.720186026016     0.000000000 0.002985075
  1.72365791810637   0.000000000 0.002985075
  1.7264105487773    0.000000000 0.002985075
  1.73195090845623   0.000000000 0.002985075
  1.73350805857071   0.000000000 0.002985075
  1.80390176581706   0.000000000 0.002985075
  1.80403062905843   0.000000000 0.002985075
  1.80572216253672   0.000000000 0.002985075
  1.80622776561802   0.000000000 0.002985075
  1.81286724013584   0.000000000 0.002985075
  1.84316698957746   0.000000000 0.002985075
  1.89181694973517   0.000000000 0.002985075
  1.89512096029251   0.000000000 0.002985075
  1.8995447506499    0.000000000 0.002985075
  1.90068588028543   0.000000000 0.002985075
  1.91028453216793   0.000000000 0.002985075
  1.92923513252366   0.000000000 0.002985075
  1.95045891379477   0.000000000 0.002985075
  1.95620188852637   0.000000000 0.002985075
  1.95890555336786   0.000000000 0.002985075
  1.96623685317553   0.000000000 0.002985075
  2                  0.194029851 0.167164179
  2.33829282007742   0.000000000 0.002985075
  2.36447318971853   0.000000000 0.002985075
  2.65376173338393   0.000000000 0.002985075
  2.86013544446616   0.000000000 0.002985075
  2.860227146537     0.000000000 0.002985075
  3                  0.059701493 0.002985075
  4                  0.020895522 0.000000000
  5                  0.005970149 0.000000000

  Parameters of node pt (multinomial distribution)

Conditional probability table:
                  0 0.0337631468244707 0.0495410862052277 0.0496570598572871 
       0.213432836        0.001492537        0.001492537        0.001492537 
0.0612356516653072 0.0627449199325806 0.0848970331218662 0.0942502015152282 
       0.001492537        0.001492537        0.001492537        0.001492537 
 0.114774459369111   0.12043760002826  0.129648177758125  0.136794725611349 
       0.001492537        0.001492537        0.001492537        0.001492537 
 0.148186604544227  0.158667584359096  0.175118385501813  0.186823901906127 
       0.001492537        0.001492537        0.001492537        0.001492537 
 0.202519520105535  0.210558243217385  0.236951585108034  0.253457138798948 
       0.001492537        0.001492537        0.001492537        0.001492537 
 0.267652286933363  0.274966596376347  0.290093960865427  0.310760594430948 
       0.001492537        0.001492537        0.001492537        0.001492537 
 0.311891715106673   0.31337440998056  0.323501616898054  0.346238266616074 
       0.001492537        0.001492537        0.001492537        0.001492537 
 0.346266034016986  0.347370887938572  0.365883932397481  0.380587811443799 
       0.001492537        0.001492537        0.001492537        0.001492537 
 0.390191854359393  0.423658374424061  0.444199400035417  0.453151779548366 
       0.001492537        0.001492537        0.001492537        0.001492537 
  0.46205757281123   0.46941180044009  0.480920831666821  0.500631661817731 
       0.001492537        0.001492537        0.001492537        0.001492537 
 0.508983089190209  0.528583360388074   0.54219207619177  0.630298980055169 
       0.001492537        0.001492537        0.001492537        0.001492537 
 0.643657935221322  0.654697469675338  0.655298125520166  0.674943794933876 
       0.001492537        0.001492537        0.001492537        0.001492537 
 0.680686929303736  0.684105875755903  0.692217365062101  0.694739441151651 
       0.001492537        0.001492537        0.001492537        0.001492537 
 0.703314744459873  0.715512133994375  0.720186026016001  0.737031590147484 
       0.001492537        0.001492537        0.001492537        0.001492537 
 0.741082991521449  0.756373436195948  0.784838306431032     0.834210047269 
       0.001492537        0.001492537        0.001492537        0.001492537 
 0.858486369154948  0.865975454228113  0.900325163176074  0.910284532167933 
       0.001492537        0.001492537        0.001492537        0.001492537 
 0.914834317295188  0.920789049402128  0.925822765969973   0.92923513252366 
       0.001492537        0.001492537        0.001492537        0.001492537 
  0.94109755107705  0.967709453956591  0.978100944263187  0.979116184637361 
       0.001492537        0.001492537        0.001492537        0.001492537 
 0.991153067346404  0.997087436015365                  1   1.03121166508855 
       0.001492537        0.001492537        0.316417910        0.001492537 
  1.03710403485604   1.03841291303217   1.04857019337796   1.06925407884246 
       0.001492537        0.001492537        0.001492537        0.001492537 
  1.07050913700118   1.08521603552288   1.08560039410829   1.10818305026483 
       0.001492537        0.001492537        0.001492537        0.001492537 
  1.10920460523501   1.13324597071464   1.13821126276037   1.15702024744142 
       0.001492537        0.001492537        0.001492537        0.001492537 
  1.15736541698203   1.16994699672006   1.19696863292936   1.20522598067246 
       0.001492537        0.001492537        0.001492537        0.001492537 
  1.21232319304989   1.22014501785968   1.22311769630424   1.26527997474091 
       0.001492537        0.001492537        0.001492537        0.001492537 
  1.27011803805424   1.28181812142963   1.28576943456622   1.28902078008774 
       0.001492537        0.001492537        0.001492537        0.001492537 
   1.3096834240784   1.32488160517003    1.3315018291566   1.34704302532626 
       0.001492537        0.001492537        0.001492537        0.001492537 
  1.38798923225922   1.40311222379027   1.40757646250397   1.41331239559972 
       0.001492537        0.001492537        0.001492537        0.001492537 
  1.41611604106226   1.42910514866365    1.4326911373657   1.43869555314988 
       0.001492537        0.001492537        0.001492537        0.001492537 
  1.47151646859144   1.48641268253875   1.50053048043136   1.50402526327442 
       0.001492537        0.001492537        0.001492537        0.001492537 
  1.52225609997767   1.52838742837877   1.53492448308216   1.53573175806028 
       0.001492537        0.001492537        0.001492537        0.001492537 
  1.55051618530214   1.55704727120917   1.56137265987271    1.5712154759643 
       0.001492537        0.001492537        0.001492537        0.001492537 
  1.60608206519426   1.60903820737419   1.63120775379829   1.64759661553072 
       0.001492537        0.001492537        0.001492537        0.001492537 
  1.67628940891441   1.68263521005817   1.69743855472143   1.70037460385988 
       0.001492537        0.001492537        0.001492537        0.001492537 
  1.71448364451415   1.71667787554711   1.71776537963876   1.73759715576513 
       0.001492537        0.001492537        0.001492537        0.001492537 
  1.74776010908218   1.75125685149946    1.7648739990835   1.78185455988251 
       0.001492537        0.001492537        0.001492537        0.001492537 
  1.80390176581706   1.81257672427201   1.82723716360472   1.83159949629225 
       0.001492537        0.001492537        0.001492537        0.001492537 
  1.83399614901753   1.89278007734585   1.89638052187087   1.91047368082368 
       0.001492537        0.001492537        0.001492537        0.001492537 
   1.9416619161876   1.95643258535015   1.95764356069318   1.96593682775898 
       0.001492537        0.001492537        0.001492537        0.001492537 
  1.97781286630616                  2   2.33693154357558   2.35966264895273 
       0.001492537        0.170149254        0.001492537        0.001492537 
  2.38360641778463   2.57349929959411   2.68994721100261                  3 
       0.001492537        0.001492537        0.001492537        0.059701493 
                 4                  5                  6 
       0.002985075        0.002985075        0.001492537 

  Parameters of node game_score (multinomial distribution)

Conditional probability table:
                   0 0.00775850007359324  0.0098276095483556  0.0257853662148306 
        0.276119403         0.001492537         0.001492537         0.001492537 
 0.0265503997976191  0.0458642236000074   0.074177234030027  0.0875591927509066 
        0.001492537         0.001492537         0.001492537         0.001492537 
 0.0971403867559295  0.0988102839696506   0.107219922654151    0.12043760002826 
        0.001492537         0.001492537         0.001492537         0.001492537 
  0.186823901906127   0.188500403030456   0.193441893997172   0.202519520105535 
        0.001492537         0.001492537         0.001492537         0.001492537 
  0.210558243217385    0.21182918721203   0.236951585108034   0.253457138798948 
        0.001492537         0.001492537         0.001492537         0.001492537 
  0.267652286933363   0.289020780087743   0.290093960865427   0.299869831261342 
        0.001492537         0.001492537         0.001492537         0.001492537 
  0.311891715106673   0.324881605170027   0.332065487091099   0.338929936712496 
        0.001492537         0.001492537         0.001492537         0.001492537 
  0.339893993440115   0.361783028010746   0.365713541748996   0.365883932397481 
        0.001492537         0.001492537         0.001492537         0.001492537 
  0.368515795073742   0.372665400039293   0.372733646291444   0.378061898477666 
        0.001492537         0.001492537         0.001492537         0.001492537 
  0.380587811443799   0.426585288187621   0.429210548820101   0.438695553149881 
        0.001492537         0.001492537         0.001492537         0.001492537 
  0.445751647231691   0.455426933024208    0.46941180044009   0.470548775538525 
        0.001492537         0.001492537         0.001492537         0.001492537 
  0.474424785737905   0.480920831666821   0.481023990861576   0.522256099977669 
        0.001492537         0.001492537         0.001492537         0.001492537 
  0.534924483082157   0.550516185302136   0.583594659318336   0.619797491490112 
        0.001492537         0.001492537         0.001492537         0.001492537 
  0.626933435011567   0.643657935221322   0.647003233796107   0.648530923236643 
        0.001492537         0.001492537         0.001492537         0.001492537 
  0.658186406103614   0.661629002320095    0.66629718056507   0.676289408914407 
        0.001492537         0.001492537         0.001492537         0.001492537 
  0.684266459017479   0.692217365062101   0.694739441151651   0.696013267680805 
        0.001492537         0.001492537         0.001492537         0.001492537 
  0.697111536477987   0.716345568682848   0.720186026016001   0.723657918106368 
        0.001492537         0.001492537         0.001492537         0.001492537 
  0.741082991521449   0.756373436195948   0.760911626646944   0.767212835569262 
        0.001492537         0.001492537         0.001492537         0.001492537 
  0.769099996352894   0.773500784176031   0.779065253576549   0.794774019327536 
        0.001492537         0.001492537         0.001492537         0.001492537 
   0.79703029920255   0.804030629058425    0.80622776561802    0.82379830776536 
        0.001492537         0.001492537         0.001492537         0.001492537 
   0.82661202157123   0.858486369154948   0.865975454228113   0.866754029285357 
        0.001492537         0.001492537         0.001492537         0.001492537 
  0.888036088261204   0.899544750649904   0.910284532167933   0.910473680823677 
        0.001492537         0.001492537         0.001492537         0.001492537 
  0.915799748146124    0.92923513252366   0.957643560693177   0.958905553367864 
        0.001492537         0.001492537         0.001492537         0.001492537 
  0.961587086967829   0.967709453956591   0.968788334911451   0.974164778200807 
        0.001492537         0.001492537         0.001492537         0.001492537 
  0.977812866306164   0.978100944263187   0.993534697135967   0.997087436015365 
        0.001492537         0.001492537         0.001492537         0.001492537 
                  1    1.00205455567968    1.02071331236406     1.0346054668955 
        0.231343284         0.001492537         0.001492537         0.001492537 
   1.04160383540115    1.05716672077615     1.0583380838124    1.07841650521127 
        0.001492537         0.001492537         0.001492537         0.001492537 
   1.08521603552288    1.10920460523501    1.13679472561135    1.15452241198288 
        0.001492537         0.001492537         0.001492537         0.001492537 
   1.15736541698203      1.165789952731    1.19014155908246    1.20115549617361 
        0.001492537         0.001492537         0.001492537         0.001492537 
    1.2348839784815    1.23653883868169    1.26240284423487    1.28448786600563 
        0.001492537         0.001492537         0.001492537         0.001492537 
    1.3158941242441    1.33829282007742    1.34530253032466    1.34704302532626 
        0.001492537         0.001492537         0.001492537         0.001492537 
   1.34737088793857    1.34988758986775    1.35966264895273    1.36447318971853 
        0.001492537         0.001492537         0.001492537         0.001492537 
   1.36970101994483    1.38560101696911    1.38798923225922    1.41331239559972 
        0.001492537         0.001492537         0.001492537         0.001492537 
   1.41611604106226    1.42910514866365    1.44295272879083     1.4484256079137 
        0.001492537         0.001492537         0.001492537         0.001492537 
   1.47151646859144    1.48641268253875    1.49101691080979    1.50053048043136 
        0.001492537         0.001492537         0.001492537         0.001492537 
   1.50251370299891    1.50402526327442    1.50762620189371    1.51518369647442 
        0.001492537         0.001492537         0.001492537         0.001492537 
   1.52083633334926    1.53573175806028    1.53794242718877    1.56137265987271 
        0.001492537         0.001492537         0.001492537         0.001492537 
   1.57349929959411    1.60632415490919    1.60903820737419    1.63120775379829 
        0.001492537         0.001492537         0.001492537         0.001492537 
   1.68662559001944     1.6866282468012    1.68923940556905    1.68994721100261 
        0.001492537         0.001492537         0.001492537         0.001492537 
    1.6909849599926    1.69743855472143    1.70037460385988    1.71776537963876 
        0.001492537         0.001492537         0.001492537         0.001492537 
   1.72988196194576    1.74047410661949    1.74517645463093    1.78767680695011 
        0.001492537         0.001492537         0.001492537         0.001492537 
   1.80390176581706    1.81444714907647    1.82688086669196    1.82723716360472 
        0.001492537         0.001492537         0.001492537         0.001492537 
   1.86013544446616      1.860227146537    1.90286108126836    1.91439960589171 
        0.001492537         0.001492537         0.001492537         0.001492537 
   1.91510296687813    1.94391692602684    1.94756048014625    1.94819026093543 
        0.001492537         0.001492537         0.001492537         0.001492537 
   1.95823236927472    1.99185434617646                   2                   3 
        0.001492537         0.001492537         0.180597015         0.035820896 
                  4                   5 
        0.011940299         0.001492537 

  Parameters of node op1 (conditional Gaussian distribution)

Conditional density: op1 | op2 + op3 + op4 + op5 + op6 + sv2 + sv5 + estado
Coefficients:
                        0             1
(Intercept)   0.160804949   0.259098569
op2           0.148692845  -0.292257120
op3          -0.000621016  -0.455023051
op4           0.052660733   0.277222669
op5           0.081202325  -0.339783110
op6           0.046870873  -0.163910873
sv2           0.146342552   0.464733740
sv5           0.073610451   0.185072840
Standard deviation of the residuals:
        0          1  
0.4882349  0.4037881  
Discrete parents' configurations:
   estado
0       0
1       1

  Parameters of node op2 (Gaussian distribution)

Conditional density: op2 | op5
Coefficients:
(Intercept)          op5  
  0.6308316    0.1431797  
Standard deviation of the residuals: 0.4671416 

  Parameters of node op3 (conditional Gaussian distribution)

Conditional density: op3 | estado
Coefficients:
                     0          1
(Intercept)  0.4029851  0.2865672
Standard deviation of the residuals:
        0          1  
0.4912315  0.4528339  
Discrete parents' configurations:
   estado
0       0
1       1

  Parameters of node op4 (conditional Gaussian distribution)

Conditional density: op4 | op2 + op3 + op5 + sv2 + sv5 + estado
Coefficients:
                       0            1
(Intercept)   0.40422581   0.26265626
op2           0.10599992  -0.08862276
op3           0.08983708   0.11714803
op5           0.22372219   0.37141460
sv2          -0.22966647  -0.15299137
sv5           0.08508960   0.27385244
Standard deviation of the residuals:
        0          1  
0.4793970  0.4196383  
Discrete parents' configurations:
   estado
0       0
1       1

  Parameters of node op5 (conditional Gaussian distribution)

Conditional density: op5 | op3 + estado
Coefficients:
                      0           1
(Intercept)  0.24500000  0.05857741
op3          0.37722222  0.25392259
Standard deviation of the residuals:
        0          1  
0.4543032  0.3186162  
Discrete parents' configurations:
   estado
0       0
1       1

  Parameters of node op6 (conditional Gaussian distribution)

Conditional density: op6 | op2 + op3 + op5 + sv2 + estado
Coefficients:
                      0           1
(Intercept)   0.1074594  -0.1057161
op2           0.0500385   0.2693823
op3           0.1214141   0.1754070
op5           0.0865951   0.4604625
sv2           0.2590693   0.1324679
Standard deviation of the residuals:
        0          1  
0.4884643  0.3799499  
Discrete parents' configurations:
   estado
0       0
1       1

  Parameters of node sv1 (Gaussian distribution)

Conditional density: sv1 | op1 + sv2 + sv6 + score_s + programa
Coefficients:
(Intercept)          op1          sv2          sv6      score_s     programa  
 0.96898964   0.02439909   0.05450264   0.03420653  -0.01193234  -0.01142369  
Standard deviation of the residuals: 0.09868668 

  Parameters of node sv2 (conditional Gaussian distribution)

Conditional density: sv2 | op2 + op3 + sv5 + estado
Coefficients:
                       0            1
(Intercept)   0.70200693   0.82024674
op2           0.15209381   0.27709239
op3           0.05654832   0.03279391
sv5           0.13516622  -0.12863253
Standard deviation of the residuals:
        0          1  
0.1982967  0.2500115  
Discrete parents' configurations:
   estado
0       0
1       1

  Parameters of node sv3 (conditional Gaussian distribution)

Conditional density: sv3 | op1 + op4 + sv2 + sv4 + sv5 + sv6 + score_p + score_s + programa + estado
Coefficients:
                        0             1
(Intercept)  -0.074336843  -0.247772836
op1           0.017119895  -0.374101804
op4           0.082491654   0.162357615
sv2           0.277250131   0.028253405
sv4           0.138076399   0.234417334
sv5           0.260685266   0.086859579
sv6           0.068259400   0.212233739
score_p      -0.026733911  -0.073394677
score_s      -0.008039476   0.131242302
programa     -0.028379067   0.053437413
Standard deviation of the residuals:
        0          1  
0.4664750  0.3496598  
Discrete parents' configurations:
   estado
0       0
1       1

  Parameters of node sv4 (Gaussian distribution)

Conditional density: sv4 | op3 + op4 + sv2 + sv5 + sv6
Coefficients:
(Intercept)          op3          op4          sv2          sv5          sv6  
 0.41107480   0.09931694   0.33467427  -0.19760814   0.30478528   0.12504761  
Standard deviation of the residuals: 0.3465921 

  Parameters of node sv5 (conditional Gaussian distribution)

Conditional density: sv5 | op2 + op3 + op5 + estado
Coefficients:
                      0           1
(Intercept)  0.71040875  0.35955193
op2          0.08165920  0.34238403
op3          0.11052471  0.38524291
op5          0.15777430  0.09765007
Standard deviation of the residuals:
        0          1  
0.3107599  0.3819216  
Discrete parents' configurations:
   estado
0       0
1       1

  Parameters of node sv6 (conditional Gaussian distribution)

Conditional density: sv6 | op2 + op3 + op4 + op6 + sv2 + sv5 + estado
Coefficients:
                       0            1
(Intercept)   0.15947615   0.39629007
op2           0.13914558  -0.07251460
op3           0.02430484   0.14200287
op4           0.08423376  -0.03461615
op6           0.37186209   0.30914756
sv2           0.21413928  -0.14998273
sv5           0.10891389   0.50725472
Standard deviation of the residuals:
        0          1  
0.3416621  0.3374024  
Discrete parents' configurations:
   estado
0       0
1       1

  Parameters of node score (conditional Gaussian distribution)

Conditional density: score | op1 + op2 + op4 + op5 + sv2 + sv4 + sv6 + estado
Coefficients:
                       0            1
(Intercept)   6.04167063   4.73985343
op1           0.17078557   0.88977096
op2          -0.25255525   1.25985229
op4          -0.20449401  -0.70508178
op5          -0.01899886  -0.66563171
sv2           0.74525007  -0.69050882
sv4           0.90850978  -0.88435733
sv6          -0.10564406   2.31603667
Standard deviation of the residuals:
       0         1  
2.135392  1.272891  
Discrete parents' configurations:
   estado
0       0
1       1

  Parameters of node score_a (conditional Gaussian distribution)

Conditional density: score_a | op1 + sv4 + score + estado
Coefficients:
                       0            1
(Intercept)  -0.13195197   0.62677550
op1          -0.04261213   0.35642230
sv4           0.03119490  -0.37499577
score         0.63866314   0.51972059
Standard deviation of the residuals:
        0          1  
0.7168244  0.5804448  
Discrete parents' configurations:
   estado
0       0
1       1

  Parameters of node score_p (conditional Gaussian distribution)

Conditional density: score_p | op1 + op2 + op3 + op5 + sv4 + sv5 + score + score_a + score_d + score_s + estado
Coefficients:
                       0            1
(Intercept)  -0.40211362  -0.89182243
op1           0.11277543  -0.29630818
op2           0.02254606  -0.30107051
op3          -0.04129589  -0.28789629
op5           0.03923783   0.29535990
sv4           0.07614209   0.28041614
sv5           0.14892512   0.29561338
score         1.05499136   0.85301635
score_a      -0.55001865  -0.28473366
score_d      -0.45399154  -0.28911594
score_s      -0.32134789  -0.08772249
Standard deviation of the residuals:
        0          1  
0.4354740  0.4316243  
Discrete parents' configurations:
   estado
0       0
1       1

  Parameters of node score_d (conditional Gaussian distribution)

Conditional density: score_d | op1 + op2 + op4 + op5 + op6 + sv4 + score + score_a + estado
Coefficients:
                         0              1
(Intercept)  -0.0615093658   0.3034086071
op1           0.0589980007   0.3904661695
op2           0.0272950803  -0.1849746617
op4           0.0004852217  -0.3275456651
op5           0.0451070380   0.2142046221
op6          -0.0977779609   0.1546906986
sv4          -0.1388424831  -0.3773797328
score         0.1341374925   0.2562765059
score_a       0.3122511802   0.0433183421
Standard deviation of the residuals:
        0          1  
0.7586198  0.5367087  
Discrete parents' configurations:
   estado
0       0
1       1

  Parameters of node score_s (conditional Gaussian distribution)

Conditional density: score_s | op1 + op3 + sv2 + sv4 + sv5 + sv6 + score + score_d + estado
Coefficients:
                        0             1
(Intercept)   0.464044784  -0.011698888
op1           0.034045214   0.235936964
op3           0.018791335   0.238530324
sv2          -0.113997593   0.574715996
sv4           0.037982378  -0.255502072
sv5           0.003710498   0.205703801
sv6           0.089227176  -0.241552050
score         0.126132134   0.129602609
score_d       0.379114061   0.461748628
Standard deviation of the residuals:
        0          1  
0.6224955  0.5172381  
Discrete parents' configurations:
   estado
0       0
1       1

  Parameters of node programa (conditional Gaussian distribution)

Conditional density: programa | op3 + op4 + op5 + op6 + sv4 + sv5 + sv6 + score + score_p + score_d + score_s + estado
Coefficients:
                       0            1
(Intercept)   4.41418991   3.97014381
op3          -0.13980566   0.20524399
op4           0.13486041   0.52655862
op5          -0.09673121  -0.34319958
op6           0.27541015  -0.32484271
sv4          -0.07664009  -0.28938168
sv5           0.26662180   0.32738541
sv6          -0.23250858   0.18330996
score         0.14957965  -0.24173680
score_p      -0.31834177   0.17742045
score_d      -0.12823353   0.36306312
score_s      -0.09155342  -0.24199373
Standard deviation of the residuals:
        0          1  
0.9526142  0.6682809  
Discrete parents' configurations:
   estado
0       0
1       1

  Parameters of node sol1 (multinomial distribution)

Conditional probability table:
                 0 0.139772853463004  0.13986455553384 0.158421901195744 
      0.058208955       0.001492537       0.001492537       0.001492537 
0.199349673647851 0.296685255540127    0.331579905462 0.358105276705291 
      0.001492537       0.001492537       0.001492537       0.001492537 
0.568975732011251 0.631788248488193 0.635526810281474 0.652629112061428 
      0.001492537       0.001492537       0.001492537       0.001492537 
0.661707179922576 0.689403748959668 0.690605060649324 0.739402039889661 
      0.001492537       0.001492537       0.001492537       0.001492537 
0.747295607624507 0.787874531717438  0.84223297286954 0.863205274388651 
      0.001492537       0.001492537       0.001492537       0.001492537 
 0.91561584761646 0.982033821619583                 1   1.0088469326536 
      0.001492537       0.001492537       0.004477612       0.001492537 
 1.07588485437754  1.21961629128121  1.37325118003888   1.3784788111381 
      0.001492537       0.001492537       0.001492537       0.001492537 
 1.83020593375627  1.90068588028543  1.95045891379477                 2 
      0.001492537       0.001492537       0.001492537       0.001492537 
 2.11354971351509  2.78483830643103  2.91483431729519                 3 
      0.001492537       0.001492537       0.001492537       0.002985075 
 3.25030689708806  3.40311222379027  3.46390181691245  3.71448364451415 
      0.001492537       0.001492537       0.001492537       0.001492537 
 3.77746829790992                 4  4.02578536621483  4.04857019337796 
      0.001492537       0.035820896       0.001492537       0.001492537 
 4.05243951985375  4.07103478961157   4.0728964915523  4.09713891873164 
      0.001492537       0.001492537       0.001492537       0.001492537 
 4.09881028396965  4.12548983986516  4.12964817775812  4.14818660454423 
      0.001492537       0.001492537       0.001492537       0.001492537 
 4.16994699672006  4.19377223438198  4.19609823418294  4.19743141828701 
      0.001492537       0.001492537       0.001492537       0.001492537 
  4.3077826349379  4.35634206477868  4.36879224620171  4.41137485020338 
      0.001492537       0.001492537       0.001492537       0.001492537 
 4.49597473672558  4.50063166181773  4.51358731746125   4.5284151697012 
      0.001492537       0.001492537       0.001492537       0.001492537 
 4.57049723640895  4.58668760440028  4.65295697467374  4.72376700385841 
      0.001492537       0.001492537       0.001492537       0.001492537 
 4.75125685149946  4.77350078417603  4.77906525357655  4.79703029920255 
      0.001492537       0.001492537       0.001492537       0.001492537 
 4.79748047989447  4.80985844091754  4.82661202157123  4.90630355909673 
      0.001492537       0.001492537       0.001492537       0.001492537 
 4.95839616459885  4.95936734071253                 5  5.00616366703903 
      0.001492537       0.001492537       0.041791045       0.001492537 
 5.00646530286403  5.02583522179919  5.02856958095221  5.03121166508855 
      0.001492537       0.001492537       0.001492537       0.001492537 
 5.03841291303217  5.04235643930682  5.05540153104424  5.06123565166531 
      0.001492537       0.001492537       0.001492537       0.001492537 
  5.1119639117388  5.21325035020295  5.22954891873822  5.23695158510803 
      0.001492537       0.001492537       0.001492537       0.001492537 
 5.23731358924169  5.25564810656864  5.26527997474091   5.2754248307074 
      0.001492537       0.001492537       0.001492537       0.001492537 
 5.28275060454568  5.30023682413427  5.31005278899739  5.31005879031837 
      0.001492537       0.001492537       0.001492537       0.001492537 
 5.31358349300222  5.31982888753499  5.44948381469786  5.46507551691784 
      0.001492537       0.001492537       0.001492537       0.001492537 
 5.49257679044275  5.51109356684692  5.51897600913842  5.60608206519426 
      0.001492537       0.001492537       0.001492537       0.001492537 
 5.61639358221537  5.61785595611143  5.62193810152233    5.634286458251 
      0.001492537       0.001492537       0.001492537       0.001492537 
 5.64033735104727  5.67666754726635  5.70013016873866  5.71097921991226 
      0.001492537       0.001492537       0.001492537       0.001492537 
 5.71667787554711  5.74776010908218  5.81651844579567  5.83755919741499 
      0.001492537       0.001492537       0.001492537       0.001492537 
 5.89369702369691  5.91286517070029  5.97050485069416  5.99017239045164 
      0.001492537       0.001492537       0.001492537       0.001492537 
                6  6.02327550022078  6.04206078791121  6.07146351612056 
      0.077611940       0.001492537       0.001492537       0.001492537 
 6.16784799148498  6.16840050370775  6.21439226201785  6.21807641474839 
      0.001492537       0.001492537       0.001492537       0.001492537 
 6.22088579254436  6.23653883868169  6.29621176874802  6.30398673231919 
      0.001492537       0.001492537       0.001492537       0.001492537 
 6.30904482396576  6.32165976796245  6.34527682374109  6.37266540003929 
      0.001492537       0.001492537       0.001492537       0.001492537 
 6.40231099234722  6.41454940577432  6.42857294627329  6.58575008116422 
      0.001492537       0.001492537       0.001492537       0.001492537 
 6.62596543238458  6.63821697198925  6.65373396598301  6.66740179989375 
      0.001492537       0.001492537       0.001492537       0.001492537 
  6.6684981708434   6.6866282468012  6.70605875069742  6.75256396423261 
      0.001492537       0.001492537       0.001492537       0.001492537 
 6.82940880671295   6.8413324156409  6.84297975255858  6.86251670181183 
      0.001492537       0.001492537       0.001492537       0.001492537 
 6.89144451916169  6.94391692602684   6.9529479583863  6.98932583219621 
      0.001492537       0.001492537       0.001492537       0.001492537 
                7  7.01629130764709  7.02483138480163  7.03036739294885 
      0.082089552       0.001492537       0.001492537       0.001492537 
 7.04634233796229  7.09356637993208  7.10207444594479  7.14201619297476 
      0.001492537       0.001492537       0.001492537       0.001492537 
 7.16603274354555  7.21689366512002  7.21769975032333  7.22287582361585 
      0.001492537       0.001492537       0.001492537       0.001492537 
  7.2348839784815  7.28745126829271  7.31702086932791  7.32790777167522 
      0.001492537       0.001492537       0.001492537       0.001492537 
 7.32909320305181  7.34552567279056  7.37273364629144  7.37843061182618 
      0.001492537       0.001492537       0.001492537       0.001492537 
 7.38045581332347  7.49721008568891  7.56446924072249  7.57634162557594 
      0.001492537       0.001492537       0.001492537       0.001492537 
 7.62699380330239  7.67374378531262  7.67976897410195  7.69711153647799 
      0.001492537       0.001492537       0.001492537       0.001492537 
 7.75078397795501  7.78735169018162  7.81444714907647  7.89871055952659 
      0.001492537       0.001492537       0.001492537       0.001492537 
 7.93734855391208  7.95832733330148  7.99106883478706  7.99893903913729 
      0.001492537       0.001492537       0.001492537       0.001492537 
                8  8.16776791787547  8.22879796606177  8.26765228693336 
      0.173134328       0.001492537       0.001492537       0.001492537 
 8.30729998905868  8.38432205798261  8.44731583621274  8.60026208785607 
      0.001492537       0.001492537       0.001492537       0.001492537 
 8.92158349478873    8.930789066209  8.95857337527188                 9 
      0.001492537       0.001492537       0.001492537       0.226865672 

  Parameters of node estado (multinomial distribution)

Conditional probability table:
 
      sol1
estado          0 0.139772853463004 0.13986455553384 0.158421901195744
     0 0.00000000        0.00000000       0.00000000        0.00000000
     1 1.00000000        1.00000000       1.00000000        1.00000000
      sol1
estado 0.199349673647851 0.296685255540127 0.331579905462 0.358105276705291
     0        0.00000000        0.00000000     0.00000000        0.00000000
     1        1.00000000        1.00000000     1.00000000        1.00000000
      sol1
estado 0.568975732011251 0.631788248488193 0.635526810281474 0.652629112061428
     0        0.00000000        0.00000000        0.00000000        0.00000000
     1        1.00000000        1.00000000        1.00000000        1.00000000
      sol1
estado 0.661707179922576 0.689403748959668 0.690605060649324 0.739402039889661
     0        0.00000000        0.00000000        0.00000000        0.00000000
     1        1.00000000        1.00000000        1.00000000        1.00000000
      sol1
estado 0.747295607624507 0.787874531717438 0.84223297286954 0.863205274388651
     0        0.00000000        0.00000000       0.00000000        0.00000000
     1        1.00000000        1.00000000       1.00000000        1.00000000
      sol1
estado 0.91561584761646 0.982033821619583          1 1.0088469326536
     0       0.00000000        0.00000000 0.66666667      0.00000000
     1       1.00000000        1.00000000 0.33333333      1.00000000
      sol1
estado 1.07588485437754 1.21961629128121 1.37325118003888 1.3784788111381
     0       0.00000000       0.00000000       0.00000000      0.00000000
     1       1.00000000       1.00000000       1.00000000      1.00000000
      sol1
estado 1.83020593375627 1.90068588028543 1.95045891379477          2
     0       0.00000000       0.00000000       0.00000000 0.00000000
     1       1.00000000       1.00000000       1.00000000 1.00000000
      sol1
estado 2.11354971351509 2.78483830643103 2.91483431729519          3
     0       0.00000000       0.00000000       0.00000000 1.00000000
     1       1.00000000       1.00000000       1.00000000 0.00000000
      sol1
estado 3.25030689708806 3.40311222379027 3.46390181691245 3.71448364451415
     0       0.00000000       0.00000000       0.00000000       0.00000000
     1       1.00000000       1.00000000       1.00000000       1.00000000
      sol1
estado 3.77746829790992          4 4.02578536621483 4.04857019337796
     0       0.00000000 0.25000000       0.00000000       0.00000000
     1       1.00000000 0.75000000       1.00000000       1.00000000
      sol1
estado 4.05243951985375 4.07103478961157 4.0728964915523 4.09713891873164
     0       0.00000000       0.00000000      0.00000000       0.00000000
     1       1.00000000       1.00000000      1.00000000       1.00000000
      sol1
estado 4.09881028396965 4.12548983986516 4.12964817775812 4.14818660454423
     0       0.00000000       0.00000000       0.00000000       0.00000000
     1       1.00000000       1.00000000       1.00000000       1.00000000
      sol1
estado 4.16994699672006 4.19377223438198 4.19609823418294 4.19743141828701
     0       0.00000000       0.00000000       0.00000000       0.00000000
     1       1.00000000       1.00000000       1.00000000       1.00000000
      sol1
estado 4.3077826349379 4.35634206477868 4.36879224620171 4.41137485020338
     0      0.00000000       0.00000000       0.00000000       0.00000000
     1      1.00000000       1.00000000       1.00000000       1.00000000
      sol1
estado 4.49597473672558 4.50063166181773 4.51358731746125 4.5284151697012
     0       0.00000000       0.00000000       0.00000000      0.00000000
     1       1.00000000       1.00000000       1.00000000      1.00000000
      sol1
estado 4.57049723640895 4.58668760440028 4.65295697467374 4.72376700385841
     0       0.00000000       0.00000000       0.00000000       0.00000000
     1       1.00000000       1.00000000       1.00000000       1.00000000
      sol1
estado 4.75125685149946 4.77350078417603 4.77906525357655 4.79703029920255
     0       0.00000000       0.00000000       0.00000000       0.00000000
     1       1.00000000       1.00000000       1.00000000       1.00000000
      sol1
estado 4.79748047989447 4.80985844091754 4.82661202157123 4.90630355909673
     0       0.00000000       0.00000000       0.00000000       0.00000000
     1       1.00000000       1.00000000       1.00000000       1.00000000
      sol1
estado 4.95839616459885 4.95936734071253          5 5.00616366703903
     0       0.00000000       0.00000000 0.42857143       0.00000000
     1       1.00000000       1.00000000 0.57142857       1.00000000
      sol1
estado 5.00646530286403 5.02583522179919 5.02856958095221 5.03121166508855
     0       0.00000000       0.00000000       0.00000000       0.00000000
     1       1.00000000       1.00000000       1.00000000       1.00000000
      sol1
estado 5.03841291303217 5.04235643930682 5.05540153104424 5.06123565166531
     0       0.00000000       0.00000000       0.00000000       0.00000000
     1       1.00000000       1.00000000       1.00000000       1.00000000
      sol1
estado 5.1119639117388 5.21325035020295 5.22954891873822 5.23695158510803
     0      0.00000000       0.00000000       0.00000000       0.00000000
     1      1.00000000       1.00000000       1.00000000       1.00000000
      sol1
estado 5.23731358924169 5.25564810656864 5.26527997474091 5.2754248307074
     0       0.00000000       0.00000000       0.00000000      0.00000000
     1       1.00000000       1.00000000       1.00000000      1.00000000
      sol1
estado 5.28275060454568 5.30023682413427 5.31005278899739 5.31005879031837
     0       0.00000000       0.00000000       0.00000000       0.00000000
     1       1.00000000       1.00000000       1.00000000       1.00000000
      sol1
estado 5.31358349300222 5.31982888753499 5.44948381469786 5.46507551691784
     0       0.00000000       0.00000000       0.00000000       0.00000000
     1       1.00000000       1.00000000       1.00000000       1.00000000
      sol1
estado 5.49257679044275 5.51109356684692 5.51897600913842 5.60608206519426
     0       0.00000000       0.00000000       0.00000000       0.00000000
     1       1.00000000       1.00000000       1.00000000       1.00000000
      sol1
estado 5.61639358221537 5.61785595611143 5.62193810152233 5.634286458251
     0       0.00000000       0.00000000       0.00000000     0.00000000
     1       1.00000000       1.00000000       1.00000000     1.00000000
      sol1
estado 5.64033735104727 5.67666754726635 5.70013016873866 5.71097921991226
     0       0.00000000       0.00000000       0.00000000       0.00000000
     1       1.00000000       1.00000000       1.00000000       1.00000000
      sol1
estado 5.71667787554711 5.74776010908218 5.81651844579567 5.83755919741499
     0       0.00000000       0.00000000       0.00000000       0.00000000
     1       1.00000000       1.00000000       1.00000000       1.00000000
      sol1
estado 5.89369702369691 5.91286517070029 5.97050485069416 5.99017239045164
     0       0.00000000       0.00000000       0.00000000       0.00000000
     1       1.00000000       1.00000000       1.00000000       1.00000000
      sol1
estado          6 6.02327550022078 6.04206078791121 6.07146351612056
     0 0.59615385       0.00000000       0.00000000       0.00000000
     1 0.40384615       1.00000000       1.00000000       1.00000000
      sol1
estado 6.16784799148498 6.16840050370775 6.21439226201785 6.21807641474839
     0       0.00000000       0.00000000       0.00000000       0.00000000
     1       1.00000000       1.00000000       1.00000000       1.00000000
      sol1
estado 6.22088579254436 6.23653883868169 6.29621176874802 6.30398673231919
     0       0.00000000       0.00000000       0.00000000       0.00000000
     1       1.00000000       1.00000000       1.00000000       1.00000000
      sol1
estado 6.30904482396576 6.32165976796245 6.34527682374109 6.37266540003929
     0       0.00000000       0.00000000       0.00000000       0.00000000
     1       1.00000000       1.00000000       1.00000000       1.00000000
      sol1
estado 6.40231099234722 6.41454940577432 6.42857294627329 6.58575008116422
     0       0.00000000       0.00000000       0.00000000       0.00000000
     1       1.00000000       1.00000000       1.00000000       1.00000000
      sol1
estado 6.62596543238458 6.63821697198925 6.65373396598301 6.66740179989375
     0       0.00000000       0.00000000       0.00000000       0.00000000
     1       1.00000000       1.00000000       1.00000000       1.00000000
      sol1
estado 6.6684981708434 6.6866282468012 6.70605875069742 6.75256396423261
     0      0.00000000      0.00000000       0.00000000       0.00000000
     1      1.00000000      1.00000000       1.00000000       1.00000000
      sol1
estado 6.82940880671295 6.8413324156409 6.84297975255858 6.86251670181183
     0       0.00000000      0.00000000       0.00000000       0.00000000
     1       1.00000000      1.00000000       1.00000000       1.00000000
      sol1
estado 6.89144451916169 6.94391692602684 6.9529479583863 6.98932583219621
     0       0.00000000       0.00000000      0.00000000       0.00000000
     1       1.00000000       1.00000000      1.00000000       1.00000000
      sol1
estado          7 7.01629130764709 7.02483138480163 7.03036739294885
     0 0.89090909       0.00000000       0.00000000       0.00000000
     1 0.10909091       1.00000000       1.00000000       1.00000000
      sol1
estado 7.04634233796229 7.09356637993208 7.10207444594479 7.14201619297476
     0       0.00000000       0.00000000       0.00000000       0.00000000
     1       1.00000000       1.00000000       1.00000000       1.00000000
      sol1
estado 7.16603274354555 7.21689366512002 7.21769975032333 7.22287582361585
     0       0.00000000       0.00000000       0.00000000       0.00000000
     1       1.00000000       1.00000000       1.00000000       1.00000000
      sol1
estado 7.2348839784815 7.28745126829271 7.31702086932791 7.32790777167522
     0      0.00000000       0.00000000       0.00000000       0.00000000
     1      1.00000000       1.00000000       1.00000000       1.00000000
      sol1
estado 7.32909320305181 7.34552567279056 7.37273364629144 7.37843061182618
     0       0.00000000       0.00000000       0.00000000       0.00000000
     1       1.00000000       1.00000000       1.00000000       1.00000000
      sol1
estado 7.38045581332347 7.49721008568891 7.56446924072249 7.57634162557594
     0       0.00000000       0.00000000       0.00000000       0.00000000
     1       1.00000000       1.00000000       1.00000000       1.00000000
      sol1
estado 7.62699380330239 7.67374378531262 7.67976897410195 7.69711153647799
     0       0.00000000       0.00000000       0.00000000       0.00000000
     1       1.00000000       1.00000000       1.00000000       1.00000000
      sol1
estado 7.75078397795501 7.78735169018162 7.81444714907647 7.89871055952659
     0       0.00000000       0.00000000       0.00000000       0.00000000
     1       1.00000000       1.00000000       1.00000000       1.00000000
      sol1
estado 7.93734855391208 7.95832733330148 7.99106883478706 7.99893903913729
     0       0.00000000       0.00000000       0.00000000       0.00000000
     1       1.00000000       1.00000000       1.00000000       1.00000000
      sol1
estado          8 8.16776791787547 8.22879796606177 8.26765228693336
     0 0.74137931       0.00000000       0.00000000       0.00000000
     1 0.25862069       1.00000000       1.00000000       1.00000000
      sol1
estado 8.30729998905868 8.38432205798261 8.44731583621274 8.60026208785607
     0       0.00000000       0.00000000       0.00000000       0.00000000
     1       1.00000000       1.00000000       1.00000000       1.00000000
      sol1
estado 8.92158349478873 8.930789066209 8.95857337527188          9
     0       0.00000000     0.00000000       0.00000000 0.96710526
     1       1.00000000     1.00000000       1.00000000 0.03289474

