
  Bayesian network parameters

  Parameters of node lt (multinomial distribution)

Conditional probability table:
                  0 0.0239977509890043 0.0375298439203366 0.0390863592332675 
       0.505970149        0.001492537        0.001492537        0.001492537 
0.0441989315158914 0.0670286882459181 0.0673784280298013 0.0736649764326418 
       0.001492537        0.001492537        0.001492537        0.001492537 
0.0761441497488856 0.0808030920140598  0.131636438005592  0.133529881804039 
       0.001492537        0.001492537        0.001492537        0.001492537 
 0.145041327411683  0.153932536761625    0.1868733369396  0.192987891014203 
       0.001492537        0.001492537        0.001492537        0.001492537 
 0.198072046201262  0.219733350083411  0.223513784885937  0.237868256151717 
       0.001492537        0.001492537        0.001492537        0.001492537 
 0.256299674117402  0.291977240537892  0.293044407606404  0.317481983547369 
       0.001492537        0.001492537        0.001492537        0.001492537 
 0.321984638027679  0.322108171882263  0.326714597756972  0.339568574406479 
       0.001492537        0.001492537        0.001492537        0.001492537 
 0.348945982295604  0.382585984135082  0.384430691368528  0.409872559024249 
       0.001492537        0.001492537        0.001492537        0.001492537 
 0.410195624008545  0.448946474587217  0.472696288398346  0.476985193082872 
       0.001492537        0.001492537        0.001492537        0.001492537 
 0.500438362324233  0.506108622299287  0.526118139847835  0.547548991056247 
       0.001492537        0.001492537        0.001492537        0.001492537 
 0.553425235623203  0.562329070099989   0.57742183108532  0.598456993089116 
       0.001492537        0.001492537        0.001492537        0.001492537 
 0.608051346451649  0.620036025410194  0.638217278956477  0.649435290595541 
       0.001492537        0.001492537        0.001492537        0.001492537 
 0.653159064225436  0.687023992228438  0.688061182104158  0.701307922912964 
       0.001492537        0.001492537        0.001492537        0.001492537 
 0.701602709301987  0.730455572413389  0.742086183590544  0.754756104332841 
       0.001492537        0.001492537        0.001492537        0.001492537 
 0.757910178087397  0.761275310306469  0.786250707329065  0.789496024886148 
       0.001492537        0.001492537        0.001492537        0.001492537 
 0.814923394700073  0.820079802010259  0.820324000475581  0.843532729253994 
       0.001492537        0.001492537        0.001492537        0.001492537 
 0.856024961133037  0.914602570337428  0.920528698264513  0.923936060529411 
       0.001492537        0.001492537        0.001492537        0.001492537 
 0.936032664041984  0.940820430245802  0.948199345751647  0.954223670997198 
       0.001492537        0.001492537        0.001492537        0.001492537 
 0.955736251681236   0.95779624093547  0.960470401971885                  1 
       0.001492537        0.001492537        0.001492537        0.165671642 
  1.06365052163985   1.06387131466555    1.0659724710821   1.10838718386622 
       0.001492537        0.001492537        0.001492537        0.001492537 
  1.10934424609879   1.17406443912502   1.20137107718141   1.20690633780377 
       0.001492537        0.001492537        0.001492537        0.001492537 
  1.21960701610657   1.22110913930262   1.22756885491589   1.23398332976799 
       0.001492537        0.001492537        0.001492537        0.001492537 
  1.24832407613367   1.27484197262791    1.2944451558286   1.33956896957307 
       0.001492537        0.001492537        0.001492537        0.001492537 
  1.34095732274542   1.36977378856307   1.39609835092293   1.42509021246326 
       0.001492537        0.001492537        0.001492537        0.001492537 
  1.46600541355634   1.46660779441857   1.47417874912461   1.49617561503565 
       0.001492537        0.001492537        0.001492537        0.001492537 
  1.51651946506016   1.56048133135132   1.57704055876095   1.61139211670495 
       0.001492537        0.001492537        0.001492537        0.001492537 
  1.62061282366242    1.6541427696135   1.65823489128972   1.67364316855474 
       0.001492537        0.001492537        0.001492537        0.001492537 
  1.80669842705358   1.84794179579333    1.8496485425317   1.87023378327445 
       0.001492537        0.001492537        0.001492537        0.001492537 
  1.88238082375251   1.94051257701519   1.99894441336874                  2 
       0.001492537        0.001492537        0.001492537        0.092537313 
  2.06267286623756   2.06730514979462    2.1249536565307   2.24163351834881 
       0.001492537        0.001492537        0.001492537        0.001492537 
  2.24380045727308   2.25609508758287   2.30756379112445   2.35518328632172 
       0.001492537        0.001492537        0.001492537        0.001492537 
  2.44248652707346   2.71556765952212   2.72199100465802   2.73742116080371 
       0.001492537        0.001492537        0.001492537        0.001492537 
  2.75083265532664   2.76428995988923   2.78727114299754   2.87379730986359 
       0.001492537        0.001492537        0.001492537        0.001492537 
  2.89179857867376   2.97514275364142   2.98646355281014                  3 
       0.001492537        0.001492537        0.001492537        0.032835821 
                 4                  5                  6 
       0.002985075        0.001492537        0.001492537 

  Parameters of node tt (multinomial distribution)

Conditional probability table:
 
                     estado
tt                              0           1
  0                   0.346268657 0.235820896
  0.00795309917904108 0.000000000 0.002985075
  0.0205110595066551  0.000000000 0.002985075
  0.0211808654483212  0.000000000 0.002985075
  0.0457763290028019  0.000000000 0.002985075
  0.0594874229848072  0.000000000 0.002985075
  0.0689751792508146  0.000000000 0.002985075
  0.0760639394705892  0.000000000 0.002985075
  0.0977985208344514  0.000000000 0.002985075
  0.131636438005592   0.000000000 0.002985075
  0.132773040816395   0.000000000 0.002985075
  0.146294330463835   0.000000000 0.002985075
  0.152058204206671   0.000000000 0.002985075
  0.154462659168743   0.000000000 0.002985075
  0.163329016204008   0.000000000 0.002985075
  0.204127621507752   0.000000000 0.002985075
  0.21640284265248    0.000000000 0.002985075
  0.216774367732446   0.000000000 0.002985075
  0.219733350083411   0.000000000 0.002985075
  0.232544706526624   0.000000000 0.002985075
  0.235245992042495   0.000000000 0.002985075
  0.235708542247537   0.000000000 0.002985075
  0.237868256151717   0.000000000 0.002985075
  0.241163748207589   0.000000000 0.002985075
  0.249442086497588   0.000000000 0.002985075
  0.262910625437695   0.000000000 0.002985075
  0.268810280200536   0.000000000 0.002985075
  0.272222758825446   0.000000000 0.002985075
  0.292353917245432   0.000000000 0.002985075
  0.304162610770231   0.000000000 0.002985075
  0.312976007771562   0.000000000 0.002985075
  0.312986023307592   0.000000000 0.002985075
  0.326356831445265   0.000000000 0.002985075
  0.326714597756972   0.000000000 0.002985075
  0.330215515213465   0.000000000 0.002985075
  0.331937070481839   0.000000000 0.002985075
  0.33452292050595    0.000000000 0.002985075
  0.339568574406479   0.000000000 0.002985075
  0.358840217641026   0.000000000 0.002985075
  0.376067362072979   0.000000000 0.002985075
  0.390196491946717   0.000000000 0.002985075
  0.397937939713666   0.000000000 0.002985075
  0.446893493688183   0.000000000 0.002985075
  0.447879874355867   0.000000000 0.002985075
  0.450112848115295   0.000000000 0.002985075
  0.457618522905882   0.000000000 0.002985075
  0.471420080221538   0.000000000 0.002985075
  0.472696288398346   0.000000000 0.002985075
  0.483267036697616   0.000000000 0.002985075
  0.484236069324672   0.000000000 0.002985075
  0.48760091454616    0.000000000 0.002985075
  0.490487791334318   0.000000000 0.002985075
  0.496635880791131   0.000000000 0.002985075
  0.49833468934672    0.000000000 0.002985075
  0.510377798185781   0.000000000 0.002985075
  0.523014806917128   0.000000000 0.002985075
  0.527755369634012   0.000000000 0.002985075
  0.533994586443662   0.000000000 0.002985075
  0.540937353089826   0.000000000 0.002985075
  0.542392106534447   0.000000000 0.002985075
  0.542595840060819   0.000000000 0.002985075
  0.549683945255817   0.000000000 0.002985075
  0.559012686447844   0.000000000 0.002985075
  0.573646669947434   0.000000000 0.002985075
  0.574909787536737   0.000000000 0.002985075
  0.583751731683173   0.000000000 0.002985075
  0.597113352271614   0.000000000 0.002985075
  0.605579525329464   0.000000000 0.002985075
  0.616416656490189   0.000000000 0.002985075
  0.620450867478948   0.000000000 0.002985075
  0.620612823662418   0.000000000 0.002985075
  0.630226211436934   0.000000000 0.002985075
  0.630460767299959   0.000000000 0.002985075
  0.646109111361193   0.000000000 0.002985075
  0.646140955678837   0.000000000 0.002985075
  0.649198645349007   0.000000000 0.002985075
  0.653159064225436   0.000000000 0.002985075
  0.671678616930686   0.000000000 0.002985075
  0.67694645620488    0.000000000 0.002985075
  0.678015361972321   0.000000000 0.002985075
  0.703481985878462   0.000000000 0.002985075
  0.705702046970322   0.000000000 0.002985075
  0.73663824362864    0.000000000 0.002985075
  0.742708913283422   0.000000000 0.002985075
  0.757910178087397   0.000000000 0.002985075
  0.76703329377294    0.000000000 0.002985075
  0.789496024886148   0.000000000 0.002985075
  0.814923394700073   0.000000000 0.002985075
  0.846889724379574   0.000000000 0.002985075
  0.849773672800664   0.000000000 0.002985075
  0.853857234366796   0.000000000 0.002985075
  0.854958672588317   0.000000000 0.002985075
  0.856024961133037   0.000000000 0.002985075
  0.857784083790841   0.000000000 0.002985075
  0.879004094485335   0.000000000 0.002985075
  0.884973054146919   0.000000000 0.002985075
  0.91442339592267    0.000000000 0.002985075
  0.915779434883838   0.000000000 0.002985075
  0.91919690798594    0.000000000 0.002985075
  0.920916250199978   0.000000000 0.002985075
  0.922396613178648   0.000000000 0.002985075
  0.93612868533445    0.000000000 0.002985075
  0.94957792529613    0.000000000 0.002985075
  0.961657829511389   0.000000000 0.002985075
  0.978793568503183   0.000000000 0.002985075
  0.987983580785235   0.000000000 0.002985075
  0.989807506151152   0.000000000 0.002985075
  0.990897920438251   0.000000000 0.002985075
  0.992998581096522   0.000000000 0.002985075
  0.999123275351534   0.000000000 0.002985075
  1                   0.376119403 0.053731343
  1.023997750989      0.000000000 0.002985075
  1.0591795697542     0.000000000 0.002985075
  1.06730514979462    0.000000000 0.002985075
  1.10652347372984    0.000000000 0.002985075
  1.1249536565307     0.000000000 0.002985075
  1.13352988180404    0.000000000 0.002985075
  1.17406443912502    0.000000000 0.002985075
  1.17992019798974    0.000000000 0.002985075
  1.19373989419273    0.000000000 0.002985075
  1.21697414526464    0.000000000 0.002985075
  1.22351378488594    0.000000000 0.002985075
  1.22361089186152    0.000000000 0.002985075
  1.24597216978851    0.000000000 0.002985075
  1.25791381640946    0.000000000 0.002985075
  1.26954442758661    0.000000000 0.002985075
  1.2834927628374     0.000000000 0.002985075
  1.29869207708704    0.000000000 0.002985075
  1.31646978257944    0.000000000 0.002985075
  1.31748198354737    0.000000000 0.002985075
  1.34301406845147    0.000000000 0.002985075
  1.35056470940446    0.000000000 0.002985075
  1.37034917284545    0.000000000 0.002985075
  1.38251080727062    0.000000000 0.002985075
  1.38487241775109    0.000000000 0.002985075
  1.42959140166438    0.000000000 0.002985075
  1.4465747643768     0.000000000 0.002985075
  1.45181697778881    0.000000000 0.002985075
  1.46660779441857    0.000000000 0.002985075
  1.47484232160742    0.000000000 0.002985075
  1.53447444834551    0.000000000 0.002985075
  1.53945503393332    0.000000000 0.002985075
  1.56548167609       0.000000000 0.002985075
  1.57454228599508    0.000000000 0.002985075
  1.59012744097575    0.000000000 0.002985075
  1.6110038668055     0.000000000 0.002985075
  1.61478404709666    0.000000000 0.002985075
  1.61556930863147    0.000000000 0.002985075
  1.61741401586492    0.000000000 0.002985075
  1.63426318589629    0.000000000 0.002985075
  1.6541427696135     0.000000000 0.002985075
  1.66898426916949    0.000000000 0.002985075
  1.67789182811774    0.000000000 0.002985075
  1.67968762143363    0.000000000 0.002985075
  1.6873698860635     0.000000000 0.002985075
  1.70027490397994    0.000000000 0.002985075
  1.71882673745158    0.000000000 0.002985075
  1.72720350460519    0.000000000 0.002985075
  1.73530522234009    0.000000000 0.002985075
  1.74759461972718    0.000000000 0.002985075
  1.77103270186135    0.000000000 0.002985075
  1.771748154353      0.000000000 0.002985075
  1.79309366219623    0.000000000 0.002985075
  1.79862892281859    0.000000000 0.002985075
  1.8070121089858     0.000000000 0.002985075
  1.8131266630604     0.000000000 0.002985075
  1.82759660321221    0.000000000 0.002985075
  1.84463976121667    0.000000000 0.002985075
  1.87023378327445    0.000000000 0.002985075
  1.87465426752488    0.000000000 0.002985075
  1.87534185980002    0.000000000 0.002985075
  1.8765206183465     0.000000000 0.002985075
  1.93223020286213    0.000000000 0.002985075
  1.9326215719702     0.000000000 0.002985075
  1.93297131175408    0.000000000 0.002985075
  1.94338865063051    0.000000000 0.002985075
  1.95028550728283    0.000000000 0.002985075
  1.95573625168124    0.000000000 0.002985075
  1.96091364076673    0.000000000 0.002985075
  1.97292710562028    0.000000000 0.002985075
  1.98778275540143    0.000000000 0.002985075
  1.99894441336874    0.000000000 0.002985075
  2                   0.188059701 0.161194030
  2.41391118478719    0.000000000 0.002985075
  2.87384038996472    0.000000000 0.002985075
  2.92494031215933    0.000000000 0.002985075
  3                   0.068656716 0.002985075
  4                   0.020895522 0.000000000

  Parameters of node pt (multinomial distribution)

Conditional probability table:
                  0 0.0135364471898625 0.0248572463585847 0.0335143441229591 
       0.225373134        0.001492537        0.001492537        0.001492537 
0.0395295980281148  0.042412862993634 0.0442637483187642 0.0639673359580155 
       0.001492537        0.001492537        0.001492537        0.001492537 
0.0677697971378682 0.0760639394705892 0.0794713017354874 0.0853974296625724 
       0.001492537        0.001492537        0.001492537        0.001492537 
   0.0934366684698 0.0977985208344514  0.126202690136412  0.131944942164197 
       0.001492537        0.001492537        0.001492537        0.001492537 
 0.132347388829957  0.135166267156511  0.150226327199336  0.155360238783334 
       0.001492537        0.001492537        0.001492537        0.001492537 
 0.156467270746006   0.16169431844004  0.163329016204008  0.179508633098748 
       0.001492537        0.001492537        0.001492537        0.001492537 
  0.18181210454851  0.212728857002459  0.228251845646996   0.23296670622706 
       0.001492537        0.001492537        0.001492537        0.001492537 
 0.241163748207589  0.245243895667159  0.252672353520037  0.257291086716578 
       0.001492537        0.001492537        0.001492537        0.001492537 
 0.269544427586611  0.280397610152405  0.291875865841587  0.299725096020061 
       0.001492537        0.001492537        0.001492537        0.001492537 
 0.306201438312978  0.312976007771562  0.322108171882263  0.340957322745416 
       0.001492537        0.001492537        0.001492537        0.001492537 
 0.346966751217038  0.350564709404459  0.353859044321163  0.361782721043523 
       0.001492537        0.001492537        0.001492537        0.001492537 
 0.379963974589806  0.393125353664533  0.402742154362819  0.410195624008545 
       0.001492537        0.001492537        0.001492537        0.001492537 
 0.413812675607537  0.426353330052566  0.452451008943753  0.463385719824163 
       0.001492537        0.001492537        0.001492537        0.001492537 
 0.466607794418569  0.470410215122901  0.496648152267338  0.499561637675767 
       0.001492537        0.001492537        0.001492537        0.001492537 
 0.525157678392579  0.556017990683953   0.55751347292654  0.565481676090003 
       0.001492537        0.001492537        0.001492537        0.001492537 
 0.577040558760945  0.602062060286334  0.615569308631472  0.617414015864918 
       0.001492537        0.001492537        0.001492537        0.001492537 
  0.61748919272938  0.629650827154553  0.657060031403209  0.678015361972321 
       0.001492537        0.001492537        0.001492537        0.001492537 
 0.678739841936333  0.682518016452631  0.684782323103791  0.695837389229769 
       0.001492537        0.001492537        0.001492537        0.001492537 
 0.701307922912964  0.701602709301987  0.725908488894403  0.727777241174554 
       0.001492537        0.001492537        0.001492537        0.001492537 
 0.731189719799464  0.733002706778169   0.75619954272692  0.758366481651192 
       0.001492537        0.001492537        0.001492537        0.001492537 
 0.767455293473376  0.771032701861352  0.771897889360964  0.775425784476853 
       0.001492537        0.001492537        0.001492537        0.001492537 
 0.776389108138475  0.776486215114063  0.786978869267951  0.801927953798738 
       0.001492537        0.001492537        0.001492537        0.001492537 
 0.805501933402751  0.805696058352473  0.806260105807273  0.807012108985797 
       0.001492537        0.001492537        0.001492537        0.001492537 
 0.820324000475581  0.834492134584744  0.846067463238375  0.862325898066352 
       0.001492537        0.001492537        0.001492537        0.001492537 
 0.866470118195961  0.870233783274454  0.875341859800022  0.893476526270158 
       0.001492537        0.001492537        0.001492537        0.001492537 
 0.898068119557899  0.908103470972614   0.91919690798594  0.923855850251114 
       0.001492537        0.001492537        0.001492537        0.001492537 
 0.928011447842653  0.932621571970199  0.944355043035111  0.955801068484109 
       0.001492537        0.001492537        0.001492537        0.001492537 
 0.960913640766732  0.972205020309244  0.976002249010996  0.980105472616037 
       0.001492537        0.001492537        0.001492537        0.001492537 
 0.987782755401427  0.992351230071294  0.998944413368741                  1 
       0.001492537        0.001492537        0.001492537        0.310447761 
  1.01201641921477   1.01719683423587   1.03303893012032   1.03683248821632 
       0.001492537        0.001492537        0.001492537        0.001492537 
  1.06387131466555   1.08422056511616   1.08808819758235   1.10424025128827 
       0.001492537        0.001492537        0.001492537        0.001492537 
  1.12099590551466   1.14504132741168   1.14598862026895   1.15575156654172 
       0.001492537        0.001492537        0.001492537        0.001492537 
    1.155810997323   1.17406443912502   1.21050397511385   1.21960701610657 
       0.001492537        0.001492537        0.001492537        0.001492537 
  1.22447323729361   1.22910518871556   1.23941545254164    1.2420898219126 
       0.001492537        0.001492537        0.001492537        0.001492537 
   1.2767126178116   1.28963342735656   1.29651801412154   1.30820832824509 
       0.001492537        0.001492537        0.001492537        0.001492537 
  1.33956896957307   1.34208528014799   1.35818487932171   1.37701391510575 
       0.001492537        0.001492537        0.001492537        0.001492537 
  1.41391118478719   1.42513369276471   1.42881651344945   1.46799134485724 
       0.001492537        0.001492537        0.001492537        0.001492537 
  1.47409967287582   1.47417874912461   1.47698519308287   1.50111582700482 
       0.001492537        0.001492537        0.001492537        0.001492537 
  1.52426348769657   1.55310650631182   1.56048133135132   1.57110795810458 
       0.001492537        0.001492537        0.001492537        0.001492537 
  1.57114604702816     1.616991664884    1.6541427696135   1.67328540224303 
       0.001492537        0.001492537        0.001492537        0.001492537 
  1.69804917546147   1.70764608275457   1.71417401695795   1.73672712398882 
       0.001492537        0.001492537        0.001492537        0.001492537 
  1.73695985427426   1.74147653094354   1.80669842705358   1.83682158427737 
       0.001492537        0.001492537        0.001492537        0.001492537 
  1.84794179579333   1.88238082375251   1.92494031215933   1.94051257701519 
       0.001492537        0.001492537        0.001492537        0.001492537 
  1.94969174191358    1.9542236709972   1.95794679665491                  2 
       0.001492537        0.001492537        0.001492537        0.138805970 
                 3                  4                  5 
       0.055223881        0.007462687        0.004477612 

  Parameters of node game_score (multinomial distribution)

Conditional probability table:
                   0 0.00397654958952054  0.0105904327241606  0.0663865204081977 
        0.347761194         0.001492537         0.001492537         0.001492537 
 0.0731471652319177   0.106523473729842   0.131636438005592   0.219733350083411 
        0.001492537         0.001492537         0.001492537         0.001492537 
  0.228809261452941   0.237868256151717   0.245243895667159   0.248317940395566 
        0.001492537         0.001492537         0.001492537         0.001492537 
  0.291875865841587   0.326714597756972   0.339568574406479   0.340957322745416 
        0.001492537         0.001492537         0.001492537         0.001492537 
  0.343014068451475   0.348945982295604   0.358840217641026   0.376067362072979 
        0.001492537         0.001492537         0.001492537         0.001492537 
   0.38251080727062   0.410195624008545   0.428892041895421   0.429591401664385 
        0.001492537         0.001492537         0.001492537         0.001492537 
  0.472696288398346   0.495448960219125   0.499561637675767   0.526118139847835 
        0.001492537         0.001492537         0.001492537         0.001492537 
  0.534474448345509   0.565481676090003   0.577040558760945   0.598456993089116 
        0.001492537         0.001492537         0.001492537         0.001492537 
  0.608487072632318   0.613784427457947   0.614784047096658   0.620612823662418 
        0.001492537         0.001492537         0.001492537         0.001492537 
  0.622986084894255   0.634263185896293     0.6417463814187   0.653159064225436 
        0.001492537         0.001492537         0.001492537         0.001492537 
  0.679687621433632   0.687369886063497   0.688061182104158   0.701602709301987 
        0.001492537         0.001492537         0.001492537         0.001492537 
  0.705702046970322   0.718826737451582   0.725908488894403   0.727203504605193 
        0.001492537         0.001492537         0.001492537         0.001492537 
   0.73663824362864   0.757910178087397   0.769727516966662   0.771032701861352 
        0.001492537         0.001492537         0.001492537         0.001492537 
  0.771748154353004   0.786250707329065   0.789496024886148   0.805501933402751 
        0.001492537         0.001492537         0.001492537         0.001492537 
  0.805696058352473   0.814923394700073   0.820324000475581    0.82759660321221 
        0.001492537         0.001492537         0.001492537         0.001492537 
  0.834492134584744   0.846889724379574   0.856024961133037   0.867652611170043 
        0.001492537         0.001492537         0.001492537         0.001492537 
  0.876520618346501   0.932230202862132   0.943388650630514                   1 
        0.001492537         0.001492537         0.001492537         0.264179104 
   1.03351434412296    1.03683248821632     1.0659724710821    1.06730514979462 
        0.001492537         0.001492537         0.001492537         0.001492537 
    1.0934366684698    1.10838718386622     1.1249536565307    1.14598862026895 
        0.001492537         0.001492537         0.001492537         0.001492537 
   1.17406443912502    1.20137107718141    1.20493627951212    1.20690633780377 
        0.001492537         0.001492537         0.001492537         0.001492537 
   1.21960701610657    1.22447323729361    1.23941545254164    1.24832407613367 
        0.001492537         0.001492537         0.001492537         0.001492537 
   1.27484197262791     1.2767126178116    1.30402567322582    1.33956896957307 
        0.001492537         0.001492537         0.001492537         0.001492537 
   1.37104309179527    1.43767092990001    1.46660779441857    1.46799134485724 
        0.001492537         0.001492537         0.001492537         0.001492537 
    1.4704102151229    1.47409967287582    1.47417874912461    1.47889812046773 
        0.001492537         0.001492537         0.001492537         0.001492537 
   1.49389137770071    1.49617561503565    1.51651946506016    1.53182526081992 
        0.001492537         0.001492537         0.001492537         0.001492537 
   1.53193565733278    1.55467212304939    1.56048133135132    1.61055456965131 
        0.001492537         0.001492537         0.001492537         0.001492537 
     1.616991664884     1.6472225779143     1.6541427696135    1.65823489128972 
        0.001492537         0.001492537         0.001492537         0.001492537 
   1.68488689428153    1.69804917546147     1.7069555923936    1.73300270677817 
        0.001492537         0.001492537         0.001492537         0.001492537 
   1.73695985427426    1.80669842705358    1.83682158427737    1.84794179579333 
        0.001492537         0.001492537         0.001492537         0.001492537 
   1.87023378327445    1.88238082375251    1.91589359330981    1.92482427126585 
        0.001492537         0.001492537         0.001492537         0.001492537 
   1.96247015607966     1.9702562885076    1.99894441336874                   2 
        0.001492537         0.001492537         0.001492537         0.161194030 
                  3                   4 
        0.034328358         0.011940299 

  Parameters of node op1 (conditional Gaussian distribution)

Conditional density: op1 | op2 + op3 + op4 + op5 + sv1 + sv4 + sv6 + score_s + estado
Coefficients:
                        0             1
(Intercept)  -0.166376674  -0.008306223
op2           0.136527816  -0.037565020
op3           0.031090991  -0.178331017
op4           0.022284426   0.221856785
op5           0.131705386  -0.312613332
sv1           0.488986110   0.000000000
sv4          -0.039204008   0.321541236
sv6           0.027609272  -0.306778742
score_s       0.044365879   0.202183632
Standard deviation of the residuals:
        0          1  
0.4792487  0.4100935  
Discrete parents' configurations:
   estado
0       0
1       1

  Parameters of node op2 (Gaussian distribution)

Conditional density: op2
Coefficients:
(Intercept)  
  0.6477612  
Standard deviation of the residuals: 0.4780248 

  Parameters of node op3 (Gaussian distribution)

Conditional density: op3 | op2
Coefficients:
(Intercept)          op2  
  0.2500000    0.1624424  
Standard deviation of the residuals: 0.4729554 

  Parameters of node op4 (conditional Gaussian distribution)

Conditional density: op4 | op3 + op5 + estado
Coefficients:
                     0          1
(Intercept)  0.3004835  0.1601039
op3          0.1284376  0.2887889
op5          0.2638332  0.6408470
Standard deviation of the residuals:
        0          1  
0.4731116  0.3749602  
Discrete parents' configurations:
   estado
0       0
1       1

  Parameters of node op5 (conditional Gaussian distribution)

Conditional density: op5 | op2 + op3 + estado
Coefficients:
                      0           1
(Intercept)  0.19723040  0.06038528
op2          0.14412269  0.03962314
op3          0.34854201  0.20504112
Standard deviation of the residuals:
        0          1  
0.4589692  0.3434341  
Discrete parents' configurations:
   estado
0       0
1       1

  Parameters of node op6 (conditional Gaussian distribution)

Conditional density: op6 | op2 + op3 + op5 + estado
Coefficients:
                       0            1
(Intercept)  0.330452696  0.003574638
op2          0.111981735  0.319899588
op3          0.140175434  0.017275657
op5          0.071359600  0.468988759
Standard deviation of the residuals:
        0          1  
0.4906271  0.3790074  
Discrete parents' configurations:
   estado
0       0
1       1

  Parameters of node sv1 (Gaussian distribution)

Conditional density: sv1 | op2
Coefficients:
(Intercept)          op2  
 0.97457627   0.02311958  
Standard deviation of the residuals: 0.1012286 

  Parameters of node sv2 (conditional Gaussian distribution)

Conditional density: sv2 | op2 + op3 + sv1 + score_a + score_p + score_d + score_s + estado
Coefficients:
                         0              1
(Intercept)   0.4941198864   0.6920439844
op2           0.1545592040   0.5251529911
op3           0.0774738817   0.1021576984
sv1           0.2840931655   0.0000000000
score_a      -0.0136617136   0.0463002452
score_p       0.0049259605  -0.1712922343
score_d       0.0346638812  -0.0360544337
score_s       0.0006330233   0.0769816667
Standard deviation of the residuals:
        0          1  
0.2149837  0.2504299  
Discrete parents' configurations:
   estado
0       0
1       1

  Parameters of node sv3 (conditional Gaussian distribution)

Conditional density: sv3 | op1 + op4 + sv2 + sv4 + sv5 + sv6 + score + score_a + score_p + score_d + estado
Coefficients:
                       0            1
(Intercept)  -0.28267961  -0.57781240
op1           0.05982183  -0.13921970
op4           0.10336500   0.31954614
sv2           0.30678855   0.15380218
sv4           0.18035932   0.18551099
sv5           0.25301904   0.15871834
sv6           0.08114204   0.20102514
score         0.09610857   0.23703972
score_a      -0.04197799  -0.12874746
score_p      -0.13148034  -0.20669653
score_d      -0.08585676  -0.08577040
Standard deviation of the residuals:
        0          1  
0.4537059  0.3704856  
Discrete parents' configurations:
   estado
0       0
1       1

  Parameters of node sv4 (conditional Gaussian distribution)

Conditional density: sv4 | op3 + op4 + op5 + op6 + score + score_p + estado
Coefficients:
                       0            1
(Intercept)   0.33542316   0.62424866
op3           0.10531001   0.20703066
op4           0.42191519   0.23702339
op5           0.10005767  -0.23419560
op6          -0.03153702   0.11107181
score         0.01052583  -0.12909896
score_p       0.02096351   0.29116625
Standard deviation of the residuals:
        0          1  
0.3575302  0.3172651  
Discrete parents' configurations:
   estado
0       0
1       1

  Parameters of node sv5 (conditional Gaussian distribution)

Conditional density: sv5 | op2 + op3 + op5 + sv2 + sv4 + score + score_d + estado
Coefficients:
                        0             1
(Intercept)   0.425920738   0.494940167
op2           0.040798489   0.283199205
op3           0.070699819   0.139866645
op5           0.153413868   0.024303388
sv2           0.118075368  -0.273860956
sv4           0.054389729   0.510474059
score         0.027646149  -0.048639757
score_d      -0.008322362   0.107924355
Standard deviation of the residuals:
        0          1  
0.3022211  0.3096024  
Discrete parents' configurations:
   estado
0       0
1       1

  Parameters of node sv6 (conditional Gaussian distribution)

Conditional density: sv6 | op2 + op3 + op6 + sv2 + sv4 + sv5 + score + score_a + score_p + score_d + score_s + estado
Coefficients:
                        0             1
(Intercept)   0.224082262   0.228794791
op2           0.121128297  -0.088602468
op3           0.008357087   0.133077221
op6           0.375223393   0.261200942
sv2           0.193701390  -0.115052183
sv4           0.144104642  -0.067862566
sv5           0.015809215   0.259497487
score        -0.054523515  -0.075684703
score_a       0.043401526   0.115793833
score_p       0.024773389   0.180609635
score_d       0.017904670   0.151572642
score_s       0.031687805  -0.157973501
Standard deviation of the residuals:
        0          1  
0.3376704  0.2766700  
Discrete parents' configurations:
   estado
0       0
1       1

  Parameters of node score (conditional Gaussian distribution)

Conditional density: score | op2 + op3 + op5 + estado
Coefficients:
                       0            1
(Intercept)   7.03751556   5.64754375
op2           0.03825353   0.96911135
op3          -0.24975782   0.92881068
op5           0.33796399  -1.26054877
Standard deviation of the residuals:
       0         1  
2.209023  1.734827  
Discrete parents' configurations:
   estado
0       0
1       1

  Parameters of node score_a (conditional Gaussian distribution)

Conditional density: score_a | op5 + op6 + score + estado
Coefficients:
                        0             1
(Intercept)  -0.009109308   0.284370175
op5          -0.072324452  -0.501130017
op6          -0.056630520  -0.246589779
score         0.632612384   0.569419803
Standard deviation of the residuals:
        0          1  
0.6850899  0.5531240  
Discrete parents' configurations:
   estado
0       0
1       1

  Parameters of node score_p (conditional Gaussian distribution)

Conditional density: score_p | op3 + op5 + score + score_a + score_d + estado
Coefficients:
                       0            1
(Intercept)  -0.33904481  -0.63424500
op3          -0.13844924  -0.12941241
op5           0.09248954   0.44150078
score         1.01464444   1.02678046
score_a      -0.53542566  -0.53930737
score_d      -0.58770814  -0.57253097
Standard deviation of the residuals:
        0          1  
0.4918372  0.4439818  
Discrete parents' configurations:
   estado
0       0
1       1

  Parameters of node score_d (conditional Gaussian distribution)

Conditional density: score_d | op2 + op4 + op6 + score + score_a + estado
Coefficients:
                       0            1
(Intercept)  -0.15047012   0.26130220
op2           0.11503472  -0.46598091
op4          -0.02297859  -0.25900470
op6          -0.03165452   0.22577449
score         0.12336530   0.22257167
score_a       0.32167194   0.16425957
Standard deviation of the residuals:
        0          1  
0.7092597  0.6206751  
Discrete parents' configurations:
   estado
0       0
1       1

  Parameters of node score_s (conditional Gaussian distribution)

Conditional density: score_s | op5 + sv4 + score + score_a + score_p + score_d + estado
Coefficients:
                       0            1
(Intercept)   0.32249159   0.64657721
op5          -0.03724317  -0.23030426
sv4           0.08912177  -0.25084540
score         0.65330228  -0.02465790
score_a      -0.31312534   0.25222579
score_p      -0.51099063   0.03022590
score_d       0.10765068   0.36086898
Standard deviation of the residuals:
        0          1  
0.5997136  0.5503032  
Discrete parents' configurations:
   estado
0       0
1       1

  Parameters of node programa (conditional Gaussian distribution)

Conditional density: programa | op4 + op5 + sv2 + sv5 + score_a + score_p + score_d + score_s + estado
Coefficients:
                       0            1
(Intercept)   4.51545629   3.67361797
op4           0.05264193   0.32687043
op5          -0.04378357  -0.31699620
sv2          -0.08546115  -0.34457719
sv5           0.05539689   0.33853829
score_a       0.06586332   0.10190676
score_p      -0.10065607  -0.10735420
score_d      -0.11161965   0.10748487
score_s      -0.06618380  -0.22794539
Standard deviation of the residuals:
        0          1  
0.9578543  0.6454321  
Discrete parents' configurations:
   estado
0       0
1       1

  Parameters of node sol1 (multinomial distribution)

Conditional probability table:
                  0 0.0198945273839628 0.0683721976354486  0.266997293221831 
       0.041791045        0.001492537        0.001492537        0.001492537 
 0.315217676896209  0.483267036697616   0.48760091454616  0.529589784877099 
       0.001492537        0.001492537        0.001492537        0.001492537 
 0.719602389847595  0.820491366901252   0.83830568155996  0.884973054146919 
       0.001492537        0.001492537        0.001492537        0.001492537 
   0.9065633315302  0.940983968169982  0.966485655877041                  1 
       0.001492537        0.001492537        0.001492537        0.004477612 
  1.23283331298038   1.27107918855147   1.47484232160742   1.52938955531983 
       0.001492537        0.001492537        0.001492537        0.001492537 
  1.57454228599508   1.74759461972718   1.91300738258798   1.93107786271027 
       0.001492537        0.001492537        0.001492537        0.001492537 
  1.95028550728283   1.97292710562028                  2   2.11479720619527 
       0.001492537        0.001492537        0.001492537        0.001492537 
  2.28843268752905   2.55601799068395   2.72833147512037   2.90363395557761 
       0.001492537        0.001492537        0.001492537        0.001492537 
                 3   3.28963342735656   3.29521338627292   3.31256951520394 
       0.001492537        0.001492537        0.001492537        0.001492537 
  3.39904227530807   3.46995677091752   3.80523169165185                  4 
       0.001492537        0.001492537        0.001492537        0.016417910 
  4.03908635923327   4.05042207470387   4.05053616636666    4.0673784280298 
       0.001492537        0.001492537        0.001492537        0.001492537 
  4.06908076450637    4.1929878910142   4.20911689475351   4.23296670622706 
       0.001492537        0.001492537        0.001492537        0.001492537 
  4.28117326254842   4.33966773772491    4.3458572303865   4.35385904432116 
       0.001492537        0.001492537        0.001492537        0.001492537 
  4.38443069136853   4.39151292736768   4.42635333005257   4.46552555165449 
       0.001492537        0.001492537        0.001492537        0.001492537 
  4.48348053493984   4.50382438496435   4.50455103978087   4.51721019036337 
       0.001492537        0.001492537        0.001492537        0.001492537 
  4.52611813984783   4.54988715188471   4.57390610508063   4.60206206028633 
       0.001492537        0.001492537        0.001492537        0.001492537 
  4.64943529059554   4.65706003140321   4.66806292951816   4.69583738922977 
       0.001492537        0.001492537        0.001492537        0.001492537 
  4.72777724117455   4.73045557241339   4.73118971979946   4.75167592386633 
       0.001492537        0.001492537        0.001492537        0.001492537 
  4.76745529347338   4.77103270186135   4.77119073854706   4.79587237849225 
       0.001492537        0.001492537        0.001492537        0.001492537 
   4.9340275289179   4.99602345041048                  5   5.01201641921477 
       0.001492537        0.001492537        0.116417910        0.001492537 
  5.03057748154654   5.03952959802811    5.0663865204082   5.06819076425572 
       0.001492537        0.001492537        0.001492537        0.001492537 
  5.08539742966257   5.08967376043015    5.0944045972956   5.10974820700231 
       0.001492537        0.001492537        0.001492537        0.001492537 
  5.14397503886696   5.14397710431469   5.15212787894118   5.15575156654172 
       0.001492537        0.001492537        0.001492537        0.001492537 
  5.15646727074601   5.15704452378288   5.21050397511385   5.21677436773245 
       0.001492537        0.001492537        0.001492537        0.001492537 
  5.21755329267102   5.22673012401416   5.23169285991208   5.23281016046406 
       0.001492537        0.001492537        0.001492537        0.001492537 
   5.2420898219126   5.24831794039557   5.25267235352004    5.3023318786469 
       0.001492537        0.001492537        0.001492537        0.001492537 
  5.30892531833749   5.31193881789584   5.34812887825005   5.35389088863881 
       0.001492537        0.001492537        0.001492537        0.001492537 
  5.36178272104352   5.37954913252105   5.38594894468048   5.40154300691088 
       0.001492537        0.001492537        0.001492537        0.001492537 
  5.43767092990001   5.44914843104629   5.45245100894375   5.47141708449507 
       0.001492537        0.001492537        0.001492537        0.001492537 
  5.48962220181422   5.49389137770071   5.54968394525582   5.55310650631182 
       0.001492537        0.001492537        0.001492537        0.001492537 
  5.56005517571153   5.57114604702816    5.6233526754408   5.62595201554312 
       0.001492537        0.001492537        0.001492537        0.001492537 
  5.62597204661518   5.66043142559352   5.67328540224303    5.7069555923936 
       0.001492537        0.001492537        0.001492537        0.001492537 
  5.71256684638235   5.71417401695795   5.71617406908059   5.74147653094354 
       0.001492537        0.001492537        0.001492537        0.001492537 
  5.76213174384828   5.78193828724539   5.80192795379874   5.86232589806635 
       0.001492537        0.001492537        0.001492537        0.001492537 
  5.86836356199441   5.90810347097261   5.92385585025111   5.93321558883714 
       0.001492537        0.001492537        0.001492537        0.001492537 
  5.95580106848411   5.96247015607966   5.97484587095679                  6 
       0.001492537        0.001492537        0.001492537        0.055223881 
   6.1019318804421   6.10934424609879    6.1234793816535   6.21302113073205 
       0.001492537        0.001492537        0.001492537        0.001492537 
  6.26092153459992   6.26773450674404   6.29581193368119   6.30402567322582 
       0.001492537        0.001492537        0.001492537        0.001492537 
  6.30606649756592   6.31646978257944   6.32126015806367   6.35603072394464 
       0.001492537        0.001492537        0.001492537        0.001492537 
  6.38521595290334   6.38759712337404   6.52775536963401   6.53182526081992 
       0.001492537        0.001492537        0.001492537        0.001492537 
  6.54093735308983   6.54239210653445   6.57040859833562   6.61055456965131 
       0.001492537        0.001492537        0.001492537        0.001492537 
  6.64123043371895    6.6472225779143   6.72966746568698   6.74046756654891 
       0.001492537        0.001492537        0.001492537        0.001492537 
  6.83595329608977   6.83839381597188   6.84183250039996    6.8538572343668 
       0.001492537        0.001492537        0.001492537        0.001492537 
  6.89575974871173   6.91442339592267   6.96165782951139   6.99788882673748 
       0.001492537        0.001492537        0.001492537        0.001492537 
                 7   7.02051105950665   7.06267286623756   7.06897517925082 
       0.086567164        0.001492537        0.001492537        0.001492537 
   7.1503514574683   7.28667612568626   7.30756379112445   7.33452292050595 
       0.001492537        0.001492537        0.001492537        0.001492537 
  7.48541782656685      7.53391928365   7.54259584006082   7.54382538737999 
       0.001492537        0.001492537        0.001492537        0.001492537 
  7.60390164907707   7.60557952532946   7.67167861693069   7.69954734560133 
       0.001492537        0.001492537        0.001492537        0.001492537 
  7.75083265532664   7.76428995988923   7.86895825468276   7.89179857867376 
       0.001492537        0.001492537        0.001492537        0.001492537 
  7.95758713700637   7.99299858109652                  8   8.00375683167218 
       0.001492537        0.001492537        0.165671642        0.001492537 
  8.04220375906453   8.05180065424835   8.55105352541278      8.56548167609 
       0.001492537        0.001492537        0.001492537        0.001492537 
  8.92633502356736                  9 
       0.001492537        0.217910448 

  Parameters of node estado (multinomial distribution)

Conditional probability table:
 
      sol1
estado           0 0.0198945273839628 0.0683721976354486 0.266997293221831
     0 0.000000000        0.000000000        0.000000000       0.000000000
     1 1.000000000        1.000000000        1.000000000       1.000000000
      sol1
estado 0.315217676896209 0.483267036697616 0.48760091454616 0.529589784877099
     0       0.000000000       0.000000000      0.000000000       0.000000000
     1       1.000000000       1.000000000      1.000000000       1.000000000
      sol1
estado 0.719602389847595 0.820491366901252 0.83830568155996 0.884973054146919
     0       0.000000000       0.000000000      0.000000000       0.000000000
     1       1.000000000       1.000000000      1.000000000       1.000000000
      sol1
estado 0.9065633315302 0.940983968169982 0.966485655877041           1
     0     0.000000000       0.000000000       0.000000000 0.666666667
     1     1.000000000       1.000000000       1.000000000 0.333333333
      sol1
estado 1.23283331298038 1.27107918855147 1.47484232160742 1.52938955531983
     0      0.000000000      0.000000000      0.000000000      0.000000000
     1      1.000000000      1.000000000      1.000000000      1.000000000
      sol1
estado 1.57454228599508 1.74759461972718 1.91300738258798 1.93107786271027
     0      0.000000000      0.000000000      0.000000000      0.000000000
     1      1.000000000      1.000000000      1.000000000      1.000000000
      sol1
estado 1.95028550728283 1.97292710562028           2 2.11479720619527
     0      0.000000000      0.000000000 0.000000000      0.000000000
     1      1.000000000      1.000000000 1.000000000      1.000000000
      sol1
estado 2.28843268752905 2.55601799068395 2.72833147512037 2.90363395557761
     0      0.000000000      0.000000000      0.000000000      0.000000000
     1      1.000000000      1.000000000      1.000000000      1.000000000
      sol1
estado           3 3.28963342735656 3.29521338627292 3.31256951520394
     0 1.000000000      0.000000000      0.000000000      0.000000000
     1 0.000000000      1.000000000      1.000000000      1.000000000
      sol1
estado 3.39904227530807 3.46995677091752 3.80523169165185           4
     0      0.000000000      0.000000000      0.000000000 0.727272727
     1      1.000000000      1.000000000      1.000000000 0.272727273
      sol1
estado 4.03908635923327 4.05042207470387 4.05053616636666 4.0673784280298
     0      0.000000000      0.000000000      0.000000000     0.000000000
     1      1.000000000      1.000000000      1.000000000     1.000000000
      sol1
estado 4.06908076450637 4.1929878910142 4.20911689475351 4.23296670622706
     0      0.000000000     0.000000000      0.000000000      0.000000000
     1      1.000000000     1.000000000      1.000000000      1.000000000
      sol1
estado 4.28117326254842 4.33966773772491 4.3458572303865 4.35385904432116
     0      0.000000000      0.000000000     0.000000000      0.000000000
     1      1.000000000      1.000000000     1.000000000      1.000000000
      sol1
estado 4.38443069136853 4.39151292736768 4.42635333005257 4.46552555165449
     0      0.000000000      0.000000000      0.000000000      0.000000000
     1      1.000000000      1.000000000      1.000000000      1.000000000
      sol1
estado 4.48348053493984 4.50382438496435 4.50455103978087 4.51721019036337
     0      0.000000000      0.000000000      0.000000000      0.000000000
     1      1.000000000      1.000000000      1.000000000      1.000000000
      sol1
estado 4.52611813984783 4.54988715188471 4.57390610508063 4.60206206028633
     0      0.000000000      0.000000000      0.000000000      0.000000000
     1      1.000000000      1.000000000      1.000000000      1.000000000
      sol1
estado 4.64943529059554 4.65706003140321 4.66806292951816 4.69583738922977
     0      0.000000000      0.000000000      0.000000000      0.000000000
     1      1.000000000      1.000000000      1.000000000      1.000000000
      sol1
estado 4.72777724117455 4.73045557241339 4.73118971979946 4.75167592386633
     0      0.000000000      0.000000000      0.000000000      0.000000000
     1      1.000000000      1.000000000      1.000000000      1.000000000
      sol1
estado 4.76745529347338 4.77103270186135 4.77119073854706 4.79587237849225
     0      0.000000000      0.000000000      0.000000000      0.000000000
     1      1.000000000      1.000000000      1.000000000      1.000000000
      sol1
estado 4.9340275289179 4.99602345041048           5 5.01201641921477
     0     0.000000000      0.000000000 0.153846154      0.000000000
     1     1.000000000      1.000000000 0.846153846      1.000000000
      sol1
estado 5.03057748154654 5.03952959802811 5.0663865204082 5.06819076425572
     0      0.000000000      0.000000000     0.000000000      0.000000000
     1      1.000000000      1.000000000     1.000000000      1.000000000
      sol1
estado 5.08539742966257 5.08967376043015 5.0944045972956 5.10974820700231
     0      0.000000000      0.000000000     0.000000000      0.000000000
     1      1.000000000      1.000000000     1.000000000      1.000000000
      sol1
estado 5.14397503886696 5.14397710431469 5.15212787894118 5.15575156654172
     0      0.000000000      0.000000000      0.000000000      0.000000000
     1      1.000000000      1.000000000      1.000000000      1.000000000
      sol1
estado 5.15646727074601 5.15704452378288 5.21050397511385 5.21677436773245
     0      0.000000000      0.000000000      0.000000000      0.000000000
     1      1.000000000      1.000000000      1.000000000      1.000000000
      sol1
estado 5.21755329267102 5.22673012401416 5.23169285991208 5.23281016046406
     0      0.000000000      0.000000000      0.000000000      0.000000000
     1      1.000000000      1.000000000      1.000000000      1.000000000
      sol1
estado 5.2420898219126 5.24831794039557 5.25267235352004 5.3023318786469
     0     0.000000000      0.000000000      0.000000000     0.000000000
     1     1.000000000      1.000000000      1.000000000     1.000000000
      sol1
estado 5.30892531833749 5.31193881789584 5.34812887825005 5.35389088863881
     0      0.000000000      0.000000000      0.000000000      0.000000000
     1      1.000000000      1.000000000      1.000000000      1.000000000
      sol1
estado 5.36178272104352 5.37954913252105 5.38594894468048 5.40154300691088
     0      0.000000000      0.000000000      0.000000000      0.000000000
     1      1.000000000      1.000000000      1.000000000      1.000000000
      sol1
estado 5.43767092990001 5.44914843104629 5.45245100894375 5.47141708449507
     0      0.000000000      0.000000000      0.000000000      0.000000000
     1      1.000000000      1.000000000      1.000000000      1.000000000
      sol1
estado 5.48962220181422 5.49389137770071 5.54968394525582 5.55310650631182
     0      0.000000000      0.000000000      0.000000000      0.000000000
     1      1.000000000      1.000000000      1.000000000      1.000000000
      sol1
estado 5.56005517571153 5.57114604702816 5.6233526754408 5.62595201554312
     0      0.000000000      0.000000000     0.000000000      0.000000000
     1      1.000000000      1.000000000     1.000000000      1.000000000
      sol1
estado 5.62597204661518 5.66043142559352 5.67328540224303 5.7069555923936
     0      0.000000000      0.000000000      0.000000000     0.000000000
     1      1.000000000      1.000000000      1.000000000     1.000000000
      sol1
estado 5.71256684638235 5.71417401695795 5.71617406908059 5.74147653094354
     0      0.000000000      0.000000000      0.000000000      0.000000000
     1      1.000000000      1.000000000      1.000000000      1.000000000
      sol1
estado 5.76213174384828 5.78193828724539 5.80192795379874 5.86232589806635
     0      0.000000000      0.000000000      0.000000000      0.000000000
     1      1.000000000      1.000000000      1.000000000      1.000000000
      sol1
estado 5.86836356199441 5.90810347097261 5.92385585025111 5.93321558883714
     0      0.000000000      0.000000000      0.000000000      0.000000000
     1      1.000000000      1.000000000      1.000000000      1.000000000
      sol1
estado 5.95580106848411 5.96247015607966 5.97484587095679           6
     0      0.000000000      0.000000000      0.000000000 0.675675676
     1      1.000000000      1.000000000      1.000000000 0.324324324
      sol1
estado 6.1019318804421 6.10934424609879 6.1234793816535 6.21302113073205
     0     0.000000000      0.000000000     0.000000000      0.000000000
     1     1.000000000      1.000000000     1.000000000      1.000000000
      sol1
estado 6.26092153459992 6.26773450674404 6.29581193368119 6.30402567322582
     0      0.000000000      0.000000000      0.000000000      0.000000000
     1      1.000000000      1.000000000      1.000000000      1.000000000
      sol1
estado 6.30606649756592 6.31646978257944 6.32126015806367 6.35603072394464
     0      0.000000000      0.000000000      0.000000000      0.000000000
     1      1.000000000      1.000000000      1.000000000      1.000000000
      sol1
estado 6.38521595290334 6.38759712337404 6.52775536963401 6.53182526081992
     0      0.000000000      0.000000000      0.000000000      0.000000000
     1      1.000000000      1.000000000      1.000000000      1.000000000
      sol1
estado 6.54093735308983 6.54239210653445 6.57040859833562 6.61055456965131
     0      0.000000000      0.000000000      0.000000000      0.000000000
     1      1.000000000      1.000000000      1.000000000      1.000000000
      sol1
estado 6.64123043371895 6.6472225779143 6.72966746568698 6.74046756654891
     0      0.000000000     0.000000000      0.000000000      0.000000000
     1      1.000000000     1.000000000      1.000000000      1.000000000
      sol1
estado 6.83595329608977 6.83839381597188 6.84183250039996 6.8538572343668
     0      0.000000000      0.000000000      0.000000000     0.000000000
     1      1.000000000      1.000000000      1.000000000     1.000000000
      sol1
estado 6.89575974871173 6.91442339592267 6.96165782951139 6.99788882673748
     0      0.000000000      0.000000000      0.000000000      0.000000000
     1      1.000000000      1.000000000      1.000000000      1.000000000
      sol1
estado           7 7.02051105950665 7.06267286623756 7.06897517925082
     0 0.896551724      0.000000000      0.000000000      0.000000000
     1 0.103448276      1.000000000      1.000000000      1.000000000
      sol1
estado 7.1503514574683 7.28667612568626 7.30756379112445 7.33452292050595
     0     0.000000000      0.000000000      0.000000000      0.000000000
     1     1.000000000      1.000000000      1.000000000      1.000000000
      sol1
estado 7.48541782656685 7.53391928365 7.54259584006082 7.54382538737999
     0      0.000000000   0.000000000      0.000000000      0.000000000
     1      1.000000000   1.000000000      1.000000000      1.000000000
      sol1
estado 7.60390164907707 7.60557952532946 7.67167861693069 7.69954734560133
     0      0.000000000      0.000000000      0.000000000      0.000000000
     1      1.000000000      1.000000000      1.000000000      1.000000000
      sol1
estado 7.75083265532664 7.76428995988923 7.86895825468276 7.89179857867376
     0      0.000000000      0.000000000      0.000000000      0.000000000
     1      1.000000000      1.000000000      1.000000000      1.000000000
      sol1
estado 7.95758713700637 7.99299858109652           8 8.00375683167218
     0      0.000000000      0.000000000 0.810810811      0.000000000
     1      1.000000000      1.000000000 0.189189189      1.000000000
      sol1
estado 8.04220375906453 8.05180065424835 8.55105352541278 8.56548167609
     0      0.000000000      0.000000000      0.000000000   0.000000000
     1      1.000000000      1.000000000      1.000000000   1.000000000
      sol1
estado 8.92633502356736           9
     0      0.000000000 0.993150685
     1      1.000000000 0.006849315

