
  Bayesian network parameters

  Parameters of node lt (multinomial distribution)

Conditional probability table:
                   0  0.0019632898500096 0.00301698711405018  0.0452692276611045 
        0.447604790         0.001497006         0.001497006         0.001497006 
 0.0530956969672577  0.0588908541944032  0.0710396491674707  0.0751851421363592 
        0.001497006         0.001497006         0.001497006         0.001497006 
 0.0782080632658042  0.0804791040773527  0.0970255883571909    0.10882077512261 
        0.001497006         0.001497006         0.001497006         0.001497006 
  0.109914010885454   0.123212181715159   0.160779516790506   0.163343182984882 
        0.001497006         0.001497006         0.001497006         0.001497006 
  0.169077475953442   0.170917808885659   0.177187176173103   0.191022817726395 
        0.001497006         0.001497006         0.001497006         0.001497006 
  0.193764576325937   0.201749176470642   0.208594196495225   0.210974121400616 
        0.001497006         0.001497006         0.001497006         0.001497006 
  0.212660540860891   0.243680143186168   0.246203438450773    0.25840526407972 
        0.001497006         0.001497006         0.001497006         0.001497006 
  0.273543652967217   0.274853773503295   0.285649735069457   0.294237398396496 
        0.001497006         0.001497006         0.001497006         0.001497006 
  0.320254763039335   0.340336865819592   0.340487376668348   0.347082910195586 
        0.001497006         0.001497006         0.001497006         0.001497006 
    0.3493587208765   0.370339252813912   0.373417363141161    0.37788575657666 
        0.001497006         0.001497006         0.001497006         0.001497006 
  0.387105776064958   0.407710282813528   0.407824193306444   0.431199431759899 
        0.001497006         0.001497006         0.001497006         0.001497006 
  0.452145655659884   0.455257156792429   0.463333446816521   0.472040807719972 
        0.001497006         0.001497006         0.001497006         0.001497006 
  0.485510990880976   0.507350049058877   0.511276261692685   0.541692253177937 
        0.001497006         0.001497006         0.001497006         0.001497006 
  0.558408688754723   0.564808970224864   0.575401121672626    0.59500729273849 
        0.001497006         0.001497006         0.001497006         0.001497006 
  0.602950851941554   0.607647441345734   0.611011580543774   0.624116158392424 
        0.001497006         0.001497006         0.001497006         0.001497006 
  0.631754515340041   0.672134828390414   0.678659565459761   0.682361240277605 
        0.001497006         0.001497006         0.001497006         0.001497006 
  0.683285584169862   0.684349015523985   0.688895786053695   0.693095267754521 
        0.001497006         0.001497006         0.001497006         0.001497006 
  0.694275053402316   0.701451502446088   0.706119744148986   0.706856479953789 
        0.001497006         0.001497006         0.001497006         0.001497006 
  0.707745945945215   0.726451812778903    0.73507063170644   0.757365690411889 
        0.001497006         0.001497006         0.001497006         0.001497006 
  0.758636244123558   0.773069749779749   0.774130712451515   0.777109235155283 
        0.001497006         0.001497006         0.001497006         0.001497006 
  0.780104021416848   0.786165631881009   0.800447221433987   0.814401033081447 
        0.001497006         0.001497006         0.001497006         0.001497006 
  0.819259590551137   0.830952219283061   0.832745034561451   0.833218351603839 
        0.001497006         0.001497006         0.001497006         0.001497006 
  0.868840887924665   0.870392557007629   0.870447199820554   0.882877960285828 
        0.001497006         0.001497006         0.001497006         0.001497006 
  0.885673228000285    0.88573162279886   0.896960851611337   0.907963632472867 
        0.001497006         0.001497006         0.001497006         0.001497006 
  0.910554599071318   0.917141689682079   0.917809458977591   0.928263561761857 
        0.001497006         0.001497006         0.001497006         0.001497006 
  0.929169913321987   0.941397574940434   0.947365704120591   0.949479528218944 
        0.001497006         0.001497006         0.001497006         0.001497006 
  0.953548065808454   0.964967335018227   0.981737118996299   0.990908818718601 
        0.001497006         0.001497006         0.001497006         0.001497006 
                  1    1.02250441111928    1.07637294145428    1.07798790033351 
        0.194610778         0.001497006         0.001497006         0.001497006 
   1.07907298404962    1.14010004735437    1.15071295268372    1.18983121768198 
        0.001497006         0.001497006         0.001497006         0.001497006 
   1.24159149768284    1.25383961440004    1.25972800822705    1.28521859037363 
        0.001497006         0.001497006         0.001497006         0.001497006 
   1.29722707306084    1.31193737674391    1.33997260927135    1.37532941988998 
        0.001497006         0.001497006         0.001497006         0.001497006 
   1.46633772046182    1.47734961360657    1.49714282705766    1.58110515241899 
        0.001497006         0.001497006         0.001497006         0.001497006 
   1.58560734199727    1.62664516063829    1.63710036580314    1.64827664625019 
        0.001497006         0.001497006         0.001497006         0.001497006 
   1.64949590732526    1.65698432429688    1.67595207584128    1.67612993829415 
        0.001497006         0.001497006         0.001497006         0.001497006 
   1.69918721812518    1.74093386348578    1.80182733626132    1.81607353785589 
        0.001497006         0.001497006         0.001497006         0.001497006 
   1.84511551237994    1.84690498776448     1.8495185689048    1.89499000626533 
        0.001497006         0.001497006         0.001497006         0.001497006 
   1.90895134632473    1.92046292727584    1.92394995786009    1.94047318635049 
        0.001497006         0.001497006         0.001497006         0.001497006 
   1.95162706585505     1.9644908135954    1.97919232203385                   2 
        0.001497006         0.001497006         0.001497006         0.076347305 
   2.01655017430802    2.11586691720694    2.18109073322548    2.31681162932327 
        0.001497006         0.001497006         0.001497006         0.001497006 
    2.5199669878167    2.69378219633211    2.70812327008766    2.80127529546396 
        0.001497006         0.001497006         0.001497006         0.001497006 
   2.84360868465683    2.94792722861298                   3                   4 
        0.001497006         0.001497006         0.029940120         0.007485030 
                  5                   6 
        0.002994012         0.002994012 

  Parameters of node tt (multinomial distribution)

Conditional probability table:
                   0 0.00150849355702509  0.0019632898500096  0.0174903189679478 
        0.332335329         0.001497006         0.001497006         0.001497006 
 0.0177545932022978  0.0314370912956152   0.033682541118925  0.0364905962353558 
        0.001497006         0.001497006         0.001497006         0.001497006 
 0.0397685363620822  0.0464519341915457  0.0561966813924698  0.0783352170651905 
        0.001497006         0.001497006         0.001497006         0.001497006 
 0.0829554213603053  0.0959329188157901  0.0970255883571909   0.103115207808236 
        0.001497006         0.001497006         0.001497006         0.001497006 
  0.106330270430446   0.140633356438721   0.142064915654293   0.158145968099231 
        0.001497006         0.001497006         0.001497006         0.001497006 
  0.164381082044819   0.165716620635841   0.166781648396161   0.183926462144112 
        0.001497006         0.001497006         0.001497006         0.001497006 
  0.186840039589966    0.18996577515319    0.19657777981981   0.197848532446585 
        0.001497006         0.001497006         0.001497006         0.001497006 
  0.201749176470642   0.206078296777325   0.213472842834204   0.215842122368163 
        0.001497006         0.001497006         0.001497006         0.001497006 
  0.219895978583152   0.241363755876442   0.259188462573941   0.305726571828027 
        0.001497006         0.001497006         0.001497006         0.001497006 
  0.315650984476015   0.318397675438138   0.323870061705848   0.361048342157268 
        0.001497006         0.001497006         0.001497006         0.001497006 
  0.361875195942836   0.362899634196859   0.377220016213628   0.388702591477536 
        0.001497006         0.001497006         0.001497006         0.001497006 
  0.393082815940504   0.403262414264074   0.416372517280726   0.424598878327374 
        0.001497006         0.001497006         0.001497006         0.001497006 
  0.435191029775136   0.439001682889975   0.453786401294878   0.453981816236433 
        0.001497006         0.001497006         0.001497006         0.001497006 
  0.456247412843587   0.467708894475661   0.483797557995537   0.484572193887682 
        0.001497006         0.001497006         0.001497006         0.001497006 
  0.489542109174901   0.496967065439949   0.507350049058877   0.508538764877093 
        0.001497006         0.001497006         0.001497006         0.001497006 
  0.525398476492734   0.527025157005381   0.559873820422066   0.592289717186472 
        0.001497006         0.001497006         0.001497006         0.001497006 
  0.595011840379045   0.599865091341534   0.612263875164723   0.612894223935042 
        0.001497006         0.001497006         0.001497006         0.001497006 
  0.614912745032612   0.629660747186088   0.629664256273569   0.631754515340041 
        0.001497006         0.001497006         0.001497006         0.001497006 
  0.649495907325259   0.652917089804414   0.660027390728653   0.660193360396748 
        0.001497006         0.001497006         0.001497006         0.001497006 
  0.679745236960665   0.682361240277605   0.688062623256093   0.689275212778675 
        0.001497006         0.001497006         0.001497006         0.001497006 
  0.699187218125176   0.725146226496705   0.756319856813832   0.758408502317158 
        0.001497006         0.001497006         0.001497006         0.001497006 
  0.762168243312335    0.76833327659174    0.77257969220802   0.784445615906389 
        0.001497006         0.001497006         0.001497006         0.001497006 
  0.801827336261324   0.803715243059739   0.805325576298975   0.829533325443579 
        0.001497006         0.001497006         0.001497006         0.001497006 
  0.830922524046558   0.849301295615178   0.870447199820554   0.871237078586791 
        0.001497006         0.001497006         0.001497006         0.001497006 
   0.88528189667304   0.890085989114546   0.907635177062078   0.919258187223246 
        0.001497006         0.001497006         0.001497006         0.001497006 
   0.92362705854572    0.93875993130401   0.939151696307819   0.941109145805597 
        0.001497006         0.001497006         0.001497006         0.001497006 
  0.946904303032742   0.950392614732097   0.962102076163205   0.992398812928919 
        0.001497006         0.001497006         0.001497006         0.001497006 
  0.995065692500901                   1     1.0182628810037    1.03551982458374 
        0.001497006         0.230538922         0.001497006         0.001497006 
    1.0391040316329    1.05838798729462    1.06414250107809    1.08034948975715 
        0.001497006         0.001497006         0.001497006         0.001497006 
   1.11432677199971    1.13115911207533    1.14010004735437    1.14260929518681 
        0.001497006         0.001497006         0.001497006         0.001497006 
   1.16904778071694    1.18425044052957    1.18559896691855     1.1857868934842 
        0.001497006         0.001497006         0.001497006         0.001497006 
   1.21067949473008    1.22586928754849    1.24263430958811    1.24430873832801 
        0.001497006         0.001497006         0.001497006         0.001497006 
   1.24655287296985    1.27354365296722    1.28531170202043    1.29388025585101 
        0.001497006         0.001497006         0.001497006         0.001497006 
    1.3241383231251    1.32636101735742    1.33219422817116    1.35190415168255 
        0.001497006         0.001497006         0.001497006         0.001497006 
   1.39052115764946    1.41447937617823    1.45525715679243    1.46455637421835 
        0.001497006         0.001497006         0.001497006         0.001497006 
   1.47902318463011     1.5153798331865    1.51596915214797    1.52795919228003 
        0.001497006         0.001497006         0.001497006         0.001497006 
   1.57096411615303    1.58560734199727    1.60665360392314    1.62331410141684 
        0.001497006         0.001497006         0.001497006         0.001497006 
   1.62592234433159    1.62658263685884    1.64650798022813    1.69427505340232 
        0.001497006         0.001497006         0.001497006         0.001497006 
   1.74527726103445    1.74923366381896    1.75357563656968    1.77690086664258 
        0.001497006         0.001497006         0.001497006         0.001497006 
   1.79140580350477    1.81332258031914    1.82849216214844    1.84170686906505 
        0.001497006         0.001497006         0.001497006         0.001497006 
   1.84511551237994    1.84690498776448    1.86733130326807    1.86994096234346 
        0.001497006         0.001497006         0.001497006         0.001497006 
   1.88606473761779    1.94129864646442    1.95660166797785    1.97475940292866 
        0.001497006         0.001497006         0.001497006         0.001497006 
   1.97919232203385    1.98470517780458    1.98528133067758                   2 
        0.001497006         0.001497006         0.001497006         0.131736527 
   2.21594009577273    2.41265126319217     2.4238504581931     2.5199669878167 
        0.001497006         0.001497006         0.001497006         0.001497006 
   2.84360868465683    2.86751686364264                   3                   4 
        0.001497006         0.001497006         0.032934132         0.007485030 
                  5 
        0.002994012 

  Parameters of node pt (multinomial distribution)

Conditional probability table:
                  0 0.0019632898500096 0.0225044111192821 0.0325558552727189 
       0.232035928        0.001497006        0.001497006        0.001497006 
0.0349806379358957 0.0350326649817727 0.0433983320221455 0.0526342958794088 
       0.001497006        0.001497006        0.001497006        0.001497006 
0.0586024250595661 0.0586882180236956 0.0729811924707116 0.0790729840496156 
       0.001497006        0.001497006        0.001497006        0.001497006 
 0.103039148388663  0.105487060700308   0.11426837720114  0.117122039714172 
       0.001497006        0.001497006        0.001497006        0.001497006 
 0.129607442992371  0.131159112075335   0.13248313635736  0.161483625553508 
       0.001497006        0.001497006        0.001497006        0.001497006 
 0.169047780716939  0.180740409448863  0.184250440529566  0.185598966918553 
       0.001497006        0.001497006        0.001497006        0.001497006 
 0.189831217681975  0.210679494730078  0.219895978583152  0.222890764844717 
       0.001497006        0.001497006        0.001497006        0.001497006 
 0.240016506091649  0.254722738965552   0.26492936829356  0.272969755591508 
       0.001497006        0.001497006        0.001497006        0.001497006 
 0.275740959940625  0.297227073060839  0.305724946597684  0.306904732245479 
       0.001497006        0.001497006        0.001497006        0.001497006 
 0.312782630686339  0.321340434540239  0.353492019771871  0.373417363141161 
       0.001497006        0.001497006        0.001497006        0.001497006 
 0.375329419889984  0.375883841607576  0.376685898583164  0.381084121656167 
       0.001497006        0.001497006        0.001497006        0.001497006 
 0.388988419456226  0.392569513880523  0.397049148058446  0.400134908658466 
       0.001497006        0.001497006        0.001497006        0.001497006 
 0.414479376178229  0.424598878327374  0.437053248039534    0.4424011218098 
       0.001497006        0.001497006        0.001497006        0.001497006 
 0.463333446816521  0.466337720461822  0.472040807719972  0.488723738307315 
       0.001497006        0.001497006        0.001497006        0.001497006 
 0.497142827057656  0.510403838983077  0.510453525815406  0.515969152147967 
       0.001497006        0.001497006        0.001497006        0.001497006 
 0.540174744878577  0.544742843207571  0.547854344340116  0.568800568240101 
       0.001497006        0.001497006        0.001497006        0.001497006 
 0.570964116153035  0.576547506117758  0.585607341997274  0.592289717186472 
       0.001497006        0.001497006        0.001497006        0.001497006 
 0.616320142650097  0.638985338232574  0.639170681044576  0.640509526078669 
       0.001497006        0.001497006        0.001497006        0.001497006 
 0.652917089804414  0.659512623331652  0.659663134180408  0.675861676874903 
       0.001497006        0.001497006        0.001497006        0.001497006 
 0.691481336935594  0.695260578824728  0.701100313486982  0.702898598187577 
       0.001497006        0.001497006        0.001497006        0.001497006 
 0.706119744148986  0.714350264930543  0.726456347032783  0.740933863485784 
       0.001497006        0.001497006        0.001497006        0.001497006 
  0.74159473592028  0.749233663818963  0.758473635262092  0.790524595656136 
       0.001497006        0.001497006        0.001497006        0.001497006 
 0.791405803504775  0.839220483209494  0.845115512379936  0.876787818284841 
       0.001497006        0.001497006        0.001497006        0.001497006 
 0.885673228000285   0.89117922487739  0.919520895922647  0.924642882021079 
       0.001497006        0.001497006        0.001497006        0.001497006 
 0.924759284452401  0.924814857863641  0.929949976322817  0.934970481171731 
       0.001497006        0.001497006        0.001497006        0.001497006 
  0.94161201270538  0.954475673162363  0.954730772338895  0.985299901882245 
       0.001497006        0.001497006        0.001497006        0.001497006 
 0.995065692500901                  1   1.00150849355703    1.0258752281413 
       0.001497006        0.297904192        0.001497006        0.001497006 
  1.03551982458374    1.0391040316329   1.04189329551109   1.05309569696726 
       0.001497006        0.001497006        0.001497006        0.001497006 
  1.06124006869599   1.07173643823814   1.07914656546748   1.10633027043045 
       0.001497006        0.001497006        0.001497006        0.001497006 
  1.10991401088545   1.16907747595344   1.19186583763158   1.21594009577273 
       0.001497006        0.001497006        0.001497006        0.001497006 
   1.2335931282469   1.30200534143091   1.31193737674391   1.31671441583014 
       0.001497006        0.001497006        0.001497006        0.001497006 
   1.3493587208765   1.35131057370281   1.37033925281391    1.3930828159405 
       0.001497006        0.001497006        0.001497006        0.001497006 
  1.39569706489317   1.41637251728073   1.45398181623643    1.4846201668135 
       0.001497006        0.001497006        0.001497006        0.001497006 
  1.48551099088098    1.4895421091749   1.51542780611232    1.5585178048132 
       0.001497006        0.001497006        0.001497006        0.001497006 
  1.56133806484954   1.56480897022486   1.59650164705872   1.63812480405716 
       0.001497006        0.001497006        0.001497006        0.001497006 
  1.66236532180132   1.67363898264258   1.68434901552398   1.70145150244609 
       0.001497006        0.001497006        0.001497006        0.001497006 
  1.71192522909655   1.71621014436972   1.75863624412356   1.77187629357821 
       0.001497006        0.001497006        0.001497006        0.001497006 
   1.7865271571658   1.81315996041003   1.81332258031914   1.81607353785589 
       0.001497006        0.001497006        0.001497006        0.001497006 
  1.82849216214844   1.83428337936416   1.83561891795518   1.85552949781857 
       0.001497006        0.001497006        0.001497006        0.001497006 
  1.91704457863969   1.92046292727584   1.92166478293481   1.95354806580845 
       0.001497006        0.001497006        0.001497006        0.001497006 
   1.9644908135954   1.96689965138397                  2   2.27930861518756 
       0.001497006        0.001497006        0.160179641        0.001497006 
  2.37308019279998   2.72514622649671   2.87830339261564   2.91140641191345 
       0.001497006        0.001497006        0.001497006        0.001497006 
                 3                  4                  5                  6 
       0.050898204        0.008982036        0.001497006        0.001497006 

  Parameters of node game_score (multinomial distribution)

Conditional probability table:
                   0  0.0019632898500096 0.00301698711405018  0.0174903189679478 
        0.329341317         0.001497006         0.001497006         0.001497006 
 0.0314370912956152  0.0364905962353558  0.0450088222385643  0.0452692276611045 
        0.001497006         0.001497006         0.001497006         0.001497006 
 0.0515576039041178  0.0641425010780885  0.0949828875765949  0.0970255883571909 
        0.001497006         0.001497006         0.001497006         0.001497006 
  0.103039148388663   0.105487060700308   0.140633356438721   0.158145968099231 
        0.001497006         0.001497006         0.001497006         0.001497006 
  0.170917808885659   0.184250440529566   0.189831217681975   0.191022817726395 
        0.001497006         0.001497006         0.001497006         0.001497006 
   0.19186583763158    0.19657777981981   0.201749176470642   0.210679494730078 
        0.001497006         0.001497006         0.001497006         0.001497006 
  0.212660540860891   0.228123706421793   0.246203438450773   0.246552872969854 
        0.001497006         0.001497006         0.001497006         0.001497006 
  0.294237398396496   0.305726571828027   0.320254763039335   0.332194228171159 
        0.001497006         0.001497006         0.001497006         0.001497006 
  0.344637606389338     0.3493587208765    0.35131057370281   0.377220016213628 
        0.001497006         0.001497006         0.001497006         0.001497006 
   0.37788575657666   0.381084121656167   0.388702591477536   0.395697064893171 
        0.001497006         0.001497006         0.001497006         0.001497006 
  0.403262414264074   0.407824193306444   0.414479376178229    0.44264094833652 
        0.001497006         0.001497006         0.001497006         0.001497006 
  0.463333446816521   0.466337720461822   0.475196307366049   0.479023184630105 
        0.001497006         0.001497006         0.001497006         0.001497006 
  0.483797557995537   0.485510990880976   0.489542109174901   0.496967065439949 
        0.001497006         0.001497006         0.001497006         0.001497006 
  0.507350049058877   0.515969152147967   0.525398476492734   0.540174744878577 
        0.001497006         0.001497006         0.001497006         0.001497006 
  0.558408688754723   0.570964116153035   0.594454146121678   0.595011840379045 
        0.001497006         0.001497006         0.001497006         0.001497006 
  0.616320142650097   0.622154369164004   0.631754515340041   0.642655851010214 
        0.001497006         0.001497006         0.001497006         0.001497006 
  0.662365321801325   0.682361240277605   0.691481336935594   0.695260578824728 
        0.001497006         0.001497006         0.001497006         0.001497006 
  0.701451502446088   0.707745945945215   0.726451812778903   0.749233663818963 
        0.001497006         0.001497006         0.001497006         0.001497006 
  0.750658839779969    0.77257969220802   0.776900866642575   0.784445615906389 
        0.001497006         0.001497006         0.001497006         0.001497006 
  0.786165631881009   0.790524595656136   0.800447221433987   0.812961172165793 
        0.001497006         0.001497006         0.001497006         0.001497006 
  0.832745034561451   0.849301295615178   0.867331303268066   0.870447199820554 
        0.001497006         0.001497006         0.001497006         0.001497006 
  0.876787818284841   0.907635177062078   0.907963632472867   0.920853434532523 
        0.001497006         0.001497006         0.001497006         0.001497006 
  0.924642882021079   0.924759284452401   0.934970481171731   0.941298646464422 
        0.001497006         0.001497006         0.001497006         0.001497006 
  0.949479528218944   0.954475673162363   0.985281330677584   0.987379701464329 
        0.001497006         0.001497006         0.001497006         0.001497006 
  0.992352588902291   0.994285654115312                   1    1.03551982458374 
        0.001497006         0.001497006         0.260479042         0.001497006 
    1.0391040316329    1.07005002367718    1.12986400411352    1.14260929518681 
        0.001497006         0.001497006         0.001497006         0.001497006 
   1.18670868157058    1.21594009577273    1.23602040385999    1.25768991659325 
        0.001497006         0.001497006         0.001497006         0.001497006 
   1.27084612658897    1.27930861518756    1.30382372067287     1.3241383231251 
        0.001497006         0.001497006         0.001497006         0.001497006 
   1.35305987207449    1.35342823997689    1.42345249388224     1.4238504581931 
        0.001497006         0.001497006         0.001497006         0.001497006 
   1.44283661400014    1.45527729953566    1.46197497893004    1.48186772697157 
        0.001497006         0.001497006         0.001497006         0.001497006 
   1.48959616101692    1.53899395016676    1.57535647634186    1.58560734199727 
        0.001497006         0.001497006         0.001497006         0.001497006 
   1.64949590732526    1.65596868837195    1.67595207584128    1.69918721812518 
        0.001497006         0.001497006         0.001497006         0.001497006 
   1.72514622649671    1.72703024440849    1.73867480680329    1.75998349390835 
        0.001497006         0.001497006         0.001497006         0.001497006 
   1.79055257620949    1.80182733626132    1.81332258031914    1.82849216214844 
        0.001497006         0.001497006         0.001497006         0.001497006 
   1.84511551237994    1.84689109816605    1.85406163504383    1.87830339261564 
        0.001497006         0.001497006         0.001497006         0.001497006 
   1.89499000626533    1.90803676892794    1.92046292727584    1.93375843182132 
        0.001497006         0.001497006         0.001497006         0.001497006 
   1.94047318635049    1.95162706585505     1.9644908135954                   2 
        0.001497006         0.001497006         0.001497006         0.148203593 
                  3                   4                   5 
        0.029940120         0.013473054         0.001497006 

  Parameters of node op1 (conditional Gaussian distribution)

Conditional density: op1 | op2 + op3 + op4 + op5 + op6 + programa + estado
Coefficients:
                        0             1
(Intercept)   0.624093462   0.040458229
op2           0.159916359   0.169075477
op3           0.004761211  -0.207550997
op4          -0.038648108   0.337694230
op5           0.161542595  -0.357917064
op6           0.082752571  -0.120034471
programa     -0.062229144   0.047590361
Standard deviation of the residuals:
        0          1  
0.4793242  0.3969215  
Discrete parents' configurations:
   estado
0       0
1       1

  Parameters of node op2 (Gaussian distribution)

Conditional density: op2 | op4 + op5
Coefficients:
(Intercept)          op4          op5  
 0.59198134   0.07826823   0.11572190  
Standard deviation of the residuals: 0.4683068 

  Parameters of node op3 (conditional Gaussian distribution)

Conditional density: op3 | estado
Coefficients:
                     0          1
(Intercept)  0.3742515  0.2395210
Standard deviation of the residuals:
        0          1  
0.4846551  0.4274315  
Discrete parents' configurations:
   estado
0       0
1       1

  Parameters of node op4 (conditional Gaussian distribution)

Conditional density: op4 | op3 + estado
Coefficients:
                     0          1
(Intercept)  0.3732057  0.2755906
op3          0.2347943  0.3744094
Standard deviation of the residuals:
        0          1  
0.4868201  0.4555834  
Discrete parents' configurations:
   estado
0       0
1       1

  Parameters of node op5 (conditional Gaussian distribution)

Conditional density: op5 | op3 + op4 + programa + estado
Coefficients:
                       0            1
(Intercept)   0.27937489   0.41583551
op3           0.32508366   0.22895316
op4           0.25307331   0.36825800
programa     -0.02348783  -0.11655205
Standard deviation of the residuals:
        0          1  
0.4424128  0.3289091  
Discrete parents' configurations:
   estado
0       0
1       1

  Parameters of node op6 (conditional Gaussian distribution)

Conditional density: op6 | op2 + op3 + op5 + score + score_a + programa + estado
Coefficients:
                       0            1
(Intercept)   0.21379738   0.42579018
op2           0.09478478   0.35558164
op3           0.18877575   0.19287010
op5           0.03059785   0.34146652
score         0.02481425   0.05002353
score_a      -0.02849619  -0.13340227
programa      0.01649152  -0.07164521
Standard deviation of the residuals:
        0          1  
0.4914466  0.3692590  
Discrete parents' configurations:
   estado
0       0
1       1

  Parameters of node sv1 (Gaussian distribution)

Conditional density: sv1 | op1 + op2 + op3 + op5 + sv6 + score_s + programa
Coefficients:
(Intercept)          op1          op2          op3          op5          sv6  
 1.01119037   0.02757566   0.02261622   0.01531018  -0.01996250   0.04248529  
    score_s     programa  
-0.01547643  -0.01382532  
Standard deviation of the residuals: 0.1121824 

  Parameters of node sv2 (conditional Gaussian distribution)

Conditional density: sv2 | op2 + op3 + sv1 + sv5 + sv6 + score + score_p + programa + estado
Coefficients:
                       0            1
(Intercept)   0.40040744   0.66785681
op2           0.14487036   0.43238232
op3           0.04882982   0.15827515
sv1           0.38040217   0.00000000
sv5           0.02961523   0.09589182
sv6           0.07843501   0.12182621
score         0.01095563   0.05364978
score_p      -0.01799695  -0.18836024
programa     -0.01380243  -0.03172408
Standard deviation of the residuals:
        0          1  
0.2059563  0.2586903  
Discrete parents' configurations:
   estado
0       0
1       1

  Parameters of node sv3 (conditional Gaussian distribution)

Conditional density: sv3 | op1 + op4 + sv2 + sv4 + sv5 + score + score_a + score_p + score_s + programa + estado
Coefficients:
                        0             1
(Intercept)  -0.148005201  -0.504347744
op1           0.046358978  -0.260685787
op4           0.105930571   0.220225153
sv2           0.290872744   0.126743583
sv4           0.169835589   0.121910207
sv5           0.216605199   0.165242812
score         0.001496945  -0.175946282
score_a       0.017820920   0.162593000
score_p      -0.046360232   0.183334658
score_s      -0.003567965   0.079940761
programa     -0.017826382   0.071459124
Standard deviation of the residuals:
        0          1  
0.4571534  0.3483402  
Discrete parents' configurations:
   estado
0       0
1       1

  Parameters of node sv4 (conditional Gaussian distribution)

Conditional density: sv4 | op3 + op4 + op5 + score_a + score_p + score_d + estado
Coefficients:
                       0            1
(Intercept)   0.34044532   0.53574489
op3           0.07078710   0.15640313
op4           0.43321778   0.45271219
op5           0.14307330  -0.18618986
score_a       0.01610262  -0.12398669
score_p       0.02737755   0.21099768
score_d      -0.02512720  -0.06408744
Standard deviation of the residuals:
        0          1  
0.3576452  0.3246849  
Discrete parents' configurations:
   estado
0       0
1       1

  Parameters of node sv5 (conditional Gaussian distribution)

Conditional density: sv5 | op1 + op3 + op4 + op5 + sv1 + sv4 + sv6 + score + score_a + score_p + score_s + programa + estado
Coefficients:
                       0            1
(Intercept)   0.21865643  -0.32169164
op1           0.01698611   0.18910790
op3           0.05531896   0.10237075
op4          -0.02424233  -0.15251756
op5           0.16688428   0.20817604
sv1           0.24244223   0.00000000
sv4           0.07179267   0.43283335
sv6           0.08739676   0.35404527
score        -0.04272488   0.14035822
score_a       0.03946482  -0.23420815
score_p       0.04687955  -0.09083251
score_s       0.04176864   0.13988723
programa      0.02214880   0.11111267
Standard deviation of the residuals:
        0          1  
0.3093869  0.2816062  
Discrete parents' configurations:
   estado
0       0
1       1

  Parameters of node sv6 (conditional Gaussian distribution)

Conditional density: sv6 | op1 + op2 + op4 + op6 + sv4 + score + score_a + score_s + estado
Coefficients:
                        0             1
(Intercept)   0.341035528   0.128245689
op1           0.031220923  -0.127444571
op2           0.146830636  -0.135181425
op4           0.006039616   0.141019026
op6           0.362849716   0.166865418
sv4           0.183653252   0.124566228
score        -0.040891499   0.132634000
score_a       0.062869402  -0.093514196
score_s       0.018621113   0.076576219
Standard deviation of the residuals:
        0          1  
0.3341266  0.2968875  
Discrete parents' configurations:
   estado
0       0
1       1

  Parameters of node score (conditional Gaussian distribution)

Conditional density: score | op2 + op3 + op4 + op5 + programa + estado
Coefficients:
                      0           1
(Intercept)   8.4181288   6.7032119
op2          -0.0621919   1.4641878
op3          -0.1181013   1.0156400
op4           0.2011025  -1.3618263
op5           0.2621436  -0.7114523
programa     -0.3580902  -0.2490559
Standard deviation of the residuals:
       0         1  
2.143014  1.648703  
Discrete parents' configurations:
   estado
0       0
1       1

  Parameters of node score_a (conditional Gaussian distribution)

Conditional density: score_a | op4 + op5 + score + programa + estado
Coefficients:
                        0             1
(Intercept)  -0.418072890  -0.140354550
op4           0.004941856   0.180510512
op5          -0.086457859  -0.560363286
score         0.635316590   0.584239645
programa      0.090638292   0.077549786
Standard deviation of the residuals:
        0          1  
0.7161974  0.6029666  
Discrete parents' configurations:
   estado
0       0
1       1

  Parameters of node score_p (conditional Gaussian distribution)

Conditional density: score_p | op2 + op3 + op5 + op6 + score + score_a + score_d + estado
Coefficients:
                       0            1
(Intercept)  -0.47856680  -0.71741882
op2           0.08451545  -0.19534266
op3          -0.11892842   0.14079811
op5           0.08273114   0.17702426
op6           0.12571861   0.34843028
score         0.98687269   0.96525815
score_a      -0.49783208  -0.53761157
score_d      -0.55806663  -0.35349983
Standard deviation of the residuals:
        0          1  
0.4970783  0.4352273  
Discrete parents' configurations:
   estado
0       0
1       1

  Parameters of node score_d (conditional Gaussian distribution)

Conditional density: score_d | op1 + op4 + score + score_a + estado
Coefficients:
                        0             1
(Intercept)  -0.164389401   0.003372376
op1           0.103688503   0.185460210
op4           0.022061984  -0.298660777
score         0.129900417   0.168573132
score_a       0.309782513   0.210172026
Standard deviation of the residuals:
        0          1  
0.7396793  0.6106873  
Discrete parents' configurations:
   estado
0       0
1       1

  Parameters of node score_s (conditional Gaussian distribution)

Conditional density: score_s | op2 + op3 + op4 + op6 + score + score_a + score_p + score_d + estado
Coefficients:
                       0            1
(Intercept)   0.35530369   0.58181341
op2          -0.03914232   0.20700439
op3           0.02402613   0.32503320
op4           0.14481270  -0.33430779
op6          -0.03102751   0.17228908
score         0.67786521   0.09226048
score_a      -0.32773462   0.14409099
score_p      -0.53775406  -0.22598829
score_d       0.09331156   0.39518220
Standard deviation of the residuals:
        0          1  
0.5685756  0.5248381  
Discrete parents' configurations:
   estado
0       0
1       1

  Parameters of node programa (conditional Gaussian distribution)

Conditional density: programa | op3 + op4 + estado
Coefficients:
                       0            1
(Intercept)   4.09598816   3.35506319
op3          -0.08730345   0.20452156
op4           0.01203172   0.25448500
Standard deviation of the residuals:
        0          1  
0.9752938  0.7686572  
Discrete parents' configurations:
   estado
0       0
1       1

  Parameters of node sol1 (multinomial distribution)

Conditional probability table:
                  0 0.0305896443908349 0.0504811941426824  0.625565261372677 
       0.050898204        0.001497006        0.001497006        0.001497006 
 0.648276646250194   0.65337273193953  0.775058305303747                  1 
       0.001497006        0.001497006        0.001497006        0.001497006 
  1.03675385029576   1.17469747361567   1.27359070175255   1.42937659595914 
       0.001497006        0.001497006        0.001497006        0.001497006 
  1.45406048881698   1.71614353538786   1.93612339140813                  2 
       0.001497006        0.001497006        0.001497006        0.001497006 
  2.04183156330039   2.22943620665392   2.34208249528709   2.66831139769089 
       0.001497006        0.001497006        0.001497006        0.001497006 
                 3   3.15728202107969   3.62006844969362   3.79376958438353 
       0.001497006        0.001497006        0.001497006        0.001497006 
  3.96689965138397   3.96959525171568                  4   4.00150849355702 
       0.001497006        0.001497006        0.023952096        0.001497006 
  4.03368254111892   4.05084391159012   4.08378659102218   4.09593291881579 
       0.001497006        0.001497006        0.001497006        0.001497006 
  4.09766756581816   4.10303914838866   4.10633027043045   4.12876292141321 
       0.001497006        0.001497006        0.001497006        0.001497006 
  4.17150783785156   4.18425044052957   4.18667741968086   4.24152636473791 
       0.001497006        0.001497006        0.001497006        0.001497006 
  4.24620343845077    4.3111042139463   4.32404792415872   4.36104834215727 
       0.001497006        0.001497006        0.001497006        0.001497006 
  4.37722001621363    4.3930828159405   4.40013490865847   4.40499270726151 
       0.001497006        0.001497006        0.001497006        0.001497006 
  4.42459887832737    4.4505298116052   4.45398181623643   4.46718625649379 
       0.001497006        0.001497006        0.001497006        0.001497006 
  4.48379755799554   4.49696706543995   4.56294675196047   4.57217211443955 
       0.001497006        0.001497006        0.001497006        0.001497006 
  4.58373855523184   4.59501184037904   4.61226387516472   4.62966425627357 
       0.001497006        0.001497006        0.001497006        0.001497006 
  4.63559967165114    4.7264518127789   4.74923366381896   4.77257969220802 
       0.001497006        0.001497006        0.001497006        0.001497006 
  4.84930129561518   4.85793508434571   4.87678781828484   4.90763517706208 
       0.001497006        0.001497006        0.001497006        0.001497006 
  4.93915169630782    4.9608959683671   4.96448017541626   4.97102198176195 
       0.001497006        0.001497006        0.001497006        0.001497006 
                 5    5.0098686149982    5.0258752281413    5.0272735438442 
       0.113772455        0.001497006        0.001497006        0.001497006 
  5.05052047178106   5.05263429587941   5.06751323335785   5.10991401088545 
       0.001497006        0.001497006        0.001497006        0.001497006 
  5.11426837720114   5.11703560962639   5.11712203971417   5.11761655384169 
       0.001497006        0.001497006        0.001497006        0.001497006 
  5.12267612969908   5.12736136948278   5.12960744299237   5.15814596809923 
       0.001497006        0.001497006        0.001497006        0.001497006 
  5.16907747595344   5.17674600988594   5.18703882783421   5.18834294929158 
       0.001497006        0.001497006        0.001497006        0.001497006 
  5.19817266373868   5.21249026003404   5.22289076484472   5.22607135393676 
       0.001497006        0.001497006        0.001497006        0.001497006 
   5.2748537735033   5.29854849755391   5.30081278187482   5.30200534143091 
       0.001497006        0.001497006        0.001497006        0.001497006 
  5.30690473224548   5.32134043454024    5.3493587208765   5.35050409267474 
       0.001497006        0.001497006        0.001497006        0.001497006 
  5.37033925281391   5.38898841945623   5.39526229782807   5.41664225329785 
       0.001497006        0.001497006        0.001497006        0.001497006 
   5.4246051004332    5.4397919571663   5.44135609759474   5.44159131124528 
       0.001497006        0.001497006        0.001497006        0.001497006 
  5.47080600635269   5.48872373830732   5.49264995094112   5.51542780611232 
       0.001497006        0.001497006        0.001497006        0.001497006 
  5.52480369263395     5.530620034348   5.59779937302604   5.61941236784851 
       0.001497006        0.001497006        0.001497006        0.001497006 
  5.62211424342334   5.65536239361066   5.65966313418041   5.71192522909655 
       0.001497006        0.001497006        0.001497006        0.001497006 
  5.74159473592028   5.74765772725542   5.75863624412356    5.7865271571658 
       0.001497006        0.001497006        0.001497006        0.001497006 
  5.79825082352936   5.81315996041003   5.83922048320949   5.85552949781857 
       0.001497006        0.001497006        0.001497006        0.001497006 
  5.89117922487739   5.89168121918252   5.91055459907132   5.91695601469772 
       0.001497006        0.001497006        0.001497006        0.001497006 
   5.9170445786397   5.92481485786364   5.92555598919322   5.93465053407515 
       0.001497006        0.001497006        0.001497006        0.001497006 
  5.96083239146741   5.98359551482876                  6   6.01707752975419 
       0.001497006        0.001497006        0.055389222        0.001497006 
  6.12598825966995   6.14189492781514   6.15103957204971   6.16438108204482 
       0.001497006        0.001497006        0.001497006        0.001497006 
  6.16571662063584   6.17121468399455   6.18457943437294   6.21584212236816 
       0.001497006        0.001497006        0.001497006        0.001497006 
  6.25972800822705   6.30583417960883    6.3203785387338    6.3203867207935 
       0.001497006        0.001497006        0.001497006        0.001497006 
  6.41892452898386   6.43900168288997   6.45378640129488   6.49142848117297 
       0.001497006        0.001497006        0.001497006        0.001497006 
  6.64855070090621   6.68437111926538   6.69023102475987   6.80532557629898 
       0.001497006        0.001497006        0.001497006        0.001497006 
  6.82953332544358   6.92394995786009   6.92420415232641                  7 
       0.001497006        0.001497006        0.001497006        0.083832335 
  7.05619668139247    7.0569676311911   7.12828500215618   7.19667319803843 
       0.001497006        0.001497006        0.001497006        0.001497006 
  7.22280159045735   7.26772181289083   7.35949047392133   7.41889484758101 
       0.001497006        0.001497006        0.001497006        0.001497006 
  7.49310574593971   7.52265038639343   7.56218490513149   7.61491274503261 
       0.001497006        0.001497006        0.001497006        0.001497006 
  7.66438845634232   7.69378219633211   7.78998001253066   7.84928704731627 
       0.001497006        0.001497006        0.001497006        0.001497006 
  7.86646310749201   7.86980500393356   7.88094637270098   7.92201209966649 
       0.001497006        0.001497006        0.001497006        0.001497006 
  7.92744059878258   7.95804636926021                  8    8.0586882180237 
       0.001497006        0.001497006        0.157185629        0.001497006 
  8.29314352004621   8.35217971268181   8.39235255865427   8.45830774682206 
       0.001497006        0.001497006        0.001497006        0.001497006 
  8.55380173328515   8.63917068104458   8.76256030359757                  9 
       0.001497006        0.001497006        0.001497006        0.226047904 

  Parameters of node estado (multinomial distribution)

Conditional probability table:
 
      sol1
estado          0 0.0305896443908349 0.0504811941426824 0.625565261372677
     0 0.00000000         0.00000000         0.00000000        0.00000000
     1 1.00000000         1.00000000         1.00000000        1.00000000
      sol1
estado 0.648276646250194 0.65337273193953 0.775058305303747          1
     0        0.00000000       0.00000000        0.00000000 1.00000000
     1        1.00000000       1.00000000        1.00000000 0.00000000
      sol1
estado 1.03675385029576 1.17469747361567 1.27359070175255 1.42937659595914
     0       0.00000000       0.00000000       0.00000000       0.00000000
     1       1.00000000       1.00000000       1.00000000       1.00000000
      sol1
estado 1.45406048881698 1.71614353538786 1.93612339140813          2
     0       0.00000000       0.00000000       0.00000000 0.00000000
     1       1.00000000       1.00000000       1.00000000 1.00000000
      sol1
estado 2.04183156330039 2.22943620665392 2.34208249528709 2.66831139769089
     0       0.00000000       0.00000000       0.00000000       0.00000000
     1       1.00000000       1.00000000       1.00000000       1.00000000
      sol1
estado          3 3.15728202107969 3.62006844969362 3.79376958438353
     0 1.00000000       0.00000000       0.00000000       0.00000000
     1 0.00000000       1.00000000       1.00000000       1.00000000
      sol1
estado 3.96689965138397 3.96959525171568          4 4.00150849355702
     0       0.00000000       0.00000000 0.37500000       0.00000000
     1       1.00000000       1.00000000 0.62500000       1.00000000
      sol1
estado 4.03368254111892 4.05084391159012 4.08378659102218 4.09593291881579
     0       0.00000000       0.00000000       0.00000000       0.00000000
     1       1.00000000       1.00000000       1.00000000       1.00000000
      sol1
estado 4.09766756581816 4.10303914838866 4.10633027043045 4.12876292141321
     0       0.00000000       0.00000000       0.00000000       0.00000000
     1       1.00000000       1.00000000       1.00000000       1.00000000
      sol1
estado 4.17150783785156 4.18425044052957 4.18667741968086 4.24152636473791
     0       0.00000000       0.00000000       0.00000000       0.00000000
     1       1.00000000       1.00000000       1.00000000       1.00000000
      sol1
estado 4.24620343845077 4.3111042139463 4.32404792415872 4.36104834215727
     0       0.00000000      0.00000000       0.00000000       0.00000000
     1       1.00000000      1.00000000       1.00000000       1.00000000
      sol1
estado 4.37722001621363 4.3930828159405 4.40013490865847 4.40499270726151
     0       0.00000000      0.00000000       0.00000000       0.00000000
     1       1.00000000      1.00000000       1.00000000       1.00000000
      sol1
estado 4.42459887832737 4.4505298116052 4.45398181623643 4.46718625649379
     0       0.00000000      0.00000000       0.00000000       0.00000000
     1       1.00000000      1.00000000       1.00000000       1.00000000
      sol1
estado 4.48379755799554 4.49696706543995 4.56294675196047 4.57217211443955
     0       0.00000000       0.00000000       0.00000000       0.00000000
     1       1.00000000       1.00000000       1.00000000       1.00000000
      sol1
estado 4.58373855523184 4.59501184037904 4.61226387516472 4.62966425627357
     0       0.00000000       0.00000000       0.00000000       0.00000000
     1       1.00000000       1.00000000       1.00000000       1.00000000
      sol1
estado 4.63559967165114 4.7264518127789 4.74923366381896 4.77257969220802
     0       0.00000000      0.00000000       0.00000000       0.00000000
     1       1.00000000      1.00000000       1.00000000       1.00000000
      sol1
estado 4.84930129561518 4.85793508434571 4.87678781828484 4.90763517706208
     0       0.00000000       0.00000000       0.00000000       0.00000000
     1       1.00000000       1.00000000       1.00000000       1.00000000
      sol1
estado 4.93915169630782 4.9608959683671 4.96448017541626 4.97102198176195
     0       0.00000000      0.00000000       0.00000000       0.00000000
     1       1.00000000      1.00000000       1.00000000       1.00000000
      sol1
estado          5 5.0098686149982 5.0258752281413 5.0272735438442
     0 0.18421053      0.00000000      0.00000000      0.00000000
     1 0.81578947      1.00000000      1.00000000      1.00000000
      sol1
estado 5.05052047178106 5.05263429587941 5.06751323335785 5.10991401088545
     0       0.00000000       0.00000000       0.00000000       0.00000000
     1       1.00000000       1.00000000       1.00000000       1.00000000
      sol1
estado 5.11426837720114 5.11703560962639 5.11712203971417 5.11761655384169
     0       0.00000000       0.00000000       0.00000000       0.00000000
     1       1.00000000       1.00000000       1.00000000       1.00000000
      sol1
estado 5.12267612969908 5.12736136948278 5.12960744299237 5.15814596809923
     0       0.00000000       0.00000000       0.00000000       0.00000000
     1       1.00000000       1.00000000       1.00000000       1.00000000
      sol1
estado 5.16907747595344 5.17674600988594 5.18703882783421 5.18834294929158
     0       0.00000000       0.00000000       0.00000000       0.00000000
     1       1.00000000       1.00000000       1.00000000       1.00000000
      sol1
estado 5.19817266373868 5.21249026003404 5.22289076484472 5.22607135393676
     0       0.00000000       0.00000000       0.00000000       0.00000000
     1       1.00000000       1.00000000       1.00000000       1.00000000
      sol1
estado 5.2748537735033 5.29854849755391 5.30081278187482 5.30200534143091
     0      0.00000000       0.00000000       0.00000000       0.00000000
     1      1.00000000       1.00000000       1.00000000       1.00000000
      sol1
estado 5.30690473224548 5.32134043454024 5.3493587208765 5.35050409267474
     0       0.00000000       0.00000000      0.00000000       0.00000000
     1       1.00000000       1.00000000      1.00000000       1.00000000
      sol1
estado 5.37033925281391 5.38898841945623 5.39526229782807 5.41664225329785
     0       0.00000000       0.00000000       0.00000000       0.00000000
     1       1.00000000       1.00000000       1.00000000       1.00000000
      sol1
estado 5.4246051004332 5.4397919571663 5.44135609759474 5.44159131124528
     0      0.00000000      0.00000000       0.00000000       0.00000000
     1      1.00000000      1.00000000       1.00000000       1.00000000
      sol1
estado 5.47080600635269 5.48872373830732 5.49264995094112 5.51542780611232
     0       0.00000000       0.00000000       0.00000000       0.00000000
     1       1.00000000       1.00000000       1.00000000       1.00000000
      sol1
estado 5.52480369263395 5.530620034348 5.59779937302604 5.61941236784851
     0       0.00000000     0.00000000       0.00000000       0.00000000
     1       1.00000000     1.00000000       1.00000000       1.00000000
      sol1
estado 5.62211424342334 5.65536239361066 5.65966313418041 5.71192522909655
     0       0.00000000       0.00000000       0.00000000       0.00000000
     1       1.00000000       1.00000000       1.00000000       1.00000000
      sol1
estado 5.74159473592028 5.74765772725542 5.75863624412356 5.7865271571658
     0       0.00000000       0.00000000       0.00000000      0.00000000
     1       1.00000000       1.00000000       1.00000000      1.00000000
      sol1
estado 5.79825082352936 5.81315996041003 5.83922048320949 5.85552949781857
     0       0.00000000       0.00000000       0.00000000       0.00000000
     1       1.00000000       1.00000000       1.00000000       1.00000000
      sol1
estado 5.89117922487739 5.89168121918252 5.91055459907132 5.91695601469772
     0       0.00000000       0.00000000       0.00000000       0.00000000
     1       1.00000000       1.00000000       1.00000000       1.00000000
      sol1
estado 5.9170445786397 5.92481485786364 5.92555598919322 5.93465053407515
     0      0.00000000       0.00000000       0.00000000       0.00000000
     1      1.00000000       1.00000000       1.00000000       1.00000000
      sol1
estado 5.96083239146741 5.98359551482876          6 6.01707752975419
     0       0.00000000       0.00000000 0.72972973       0.00000000
     1       1.00000000       1.00000000 0.27027027       1.00000000
      sol1
estado 6.12598825966995 6.14189492781514 6.15103957204971 6.16438108204482
     0       0.00000000       0.00000000       0.00000000       0.00000000
     1       1.00000000       1.00000000       1.00000000       1.00000000
      sol1
estado 6.16571662063584 6.17121468399455 6.18457943437294 6.21584212236816
     0       0.00000000       0.00000000       0.00000000       0.00000000
     1       1.00000000       1.00000000       1.00000000       1.00000000
      sol1
estado 6.25972800822705 6.30583417960883 6.3203785387338 6.3203867207935
     0       0.00000000       0.00000000      0.00000000      0.00000000
     1       1.00000000       1.00000000      1.00000000      1.00000000
      sol1
estado 6.41892452898386 6.43900168288997 6.45378640129488 6.49142848117297
     0       0.00000000       0.00000000       0.00000000       0.00000000
     1       1.00000000       1.00000000       1.00000000       1.00000000
      sol1
estado 6.64855070090621 6.68437111926538 6.69023102475987 6.80532557629898
     0       0.00000000       0.00000000       0.00000000       0.00000000
     1       1.00000000       1.00000000       1.00000000       1.00000000
      sol1
estado 6.82953332544358 6.92394995786009 6.92420415232641          7
     0       0.00000000       0.00000000       0.00000000 0.94642857
     1       1.00000000       1.00000000       1.00000000 0.05357143
      sol1
estado 7.05619668139247 7.0569676311911 7.12828500215618 7.19667319803843
     0       0.00000000      0.00000000       0.00000000       0.00000000
     1       1.00000000      1.00000000       1.00000000       1.00000000
      sol1
estado 7.22280159045735 7.26772181289083 7.35949047392133 7.41889484758101
     0       0.00000000       0.00000000       0.00000000       0.00000000
     1       1.00000000       1.00000000       1.00000000       1.00000000
      sol1
estado 7.49310574593971 7.52265038639343 7.56218490513149 7.61491274503261
     0       0.00000000       0.00000000       0.00000000       0.00000000
     1       1.00000000       1.00000000       1.00000000       1.00000000
      sol1
estado 7.66438845634232 7.69378219633211 7.78998001253066 7.84928704731627
     0       0.00000000       0.00000000       0.00000000       0.00000000
     1       1.00000000       1.00000000       1.00000000       1.00000000
      sol1
estado 7.86646310749201 7.86980500393356 7.88094637270098 7.92201209966649
     0       0.00000000       0.00000000       0.00000000       0.00000000
     1       1.00000000       1.00000000       1.00000000       1.00000000
      sol1
estado 7.92744059878258 7.95804636926021          8 8.0586882180237
     0       0.00000000       0.00000000 0.81904762      0.00000000
     1       1.00000000       1.00000000 0.18095238      1.00000000
      sol1
estado 8.29314352004621 8.35217971268181 8.39235255865427 8.45830774682206
     0       0.00000000       0.00000000       0.00000000       0.00000000
     1       1.00000000       1.00000000       1.00000000       1.00000000
      sol1
estado 8.55380173328515 8.63917068104458 8.76256030359757          9
     0       0.00000000       0.00000000       0.00000000 0.96688742
     1       1.00000000       1.00000000       1.00000000 0.03311258

