
  Bayesian network parameters

  Parameters of node lt (multinomial distribution)

Conditional probability table:
                   0 0.00457446605951373 0.00901387582445357  0.0341495896113502 
        0.495508982         0.001497006         0.001497006         0.001497006 
  0.034779695378518  0.0386471627032132  0.0422320332517037  0.0539322195719366 
        0.001497006         0.001497006         0.001497006         0.001497006 
 0.0590576653257104  0.0766596614387487  0.0838169931201153  0.0880737006930769 
        0.001497006         0.001497006         0.001497006         0.001497006 
  0.110963141213208   0.112811853346071   0.113848089028651    0.11903563079324 
        0.001497006         0.001497006         0.001497006         0.001497006 
  0.121181071569849   0.134701069031148   0.142365640287286   0.146299542754884 
        0.001497006         0.001497006         0.001497006         0.001497006 
  0.159180873638644   0.173498863241322   0.191011419542924   0.220957455459223 
        0.001497006         0.001497006         0.001497006         0.001497006 
  0.222127957402027   0.230597927751048   0.239616874893011   0.241780557921838 
        0.001497006         0.001497006         0.001497006         0.001497006 
  0.245528284265367   0.248038925101045   0.248438098051003   0.259681760250143 
        0.001497006         0.001497006         0.001497006         0.001497006 
  0.260227769279108   0.264071408450765   0.270325962059017   0.286376824948657 
        0.001497006         0.001497006         0.001497006         0.001497006 
  0.324094896240595   0.390727291323562   0.392009227887948   0.392813407279967 
        0.001497006         0.001497006         0.001497006         0.001497006 
  0.406172384791254   0.408895442004967   0.409626490191843   0.410439831411357 
        0.001497006         0.001497006         0.001497006         0.001497006 
  0.426583762456223   0.428517585945988   0.435947906328908   0.456914164768188 
        0.001497006         0.001497006         0.001497006         0.001497006 
  0.463315434098869   0.476757610357139   0.477051656880337   0.484556053579727 
        0.001497006         0.001497006         0.001497006         0.001497006 
  0.491327895107925   0.523059855360724   0.528911770731121   0.532251371873759 
        0.001497006         0.001497006         0.001497006         0.001497006 
  0.536910915820155   0.537094681610333    0.53836705799703    0.54090538856823 
        0.001497006         0.001497006         0.001497006         0.001497006 
  0.541659905915581   0.550020971317697   0.553563581197407   0.554416258960927 
        0.001497006         0.001497006         0.001497006         0.001497006 
  0.562825956482225   0.570926838973612   0.571626325569632   0.594075622914993 
        0.001497006         0.001497006         0.001497006         0.001497006 
  0.598420520651339   0.599196506230399   0.608693916556947   0.608944092391327 
        0.001497006         0.001497006         0.001497006         0.001497006 
  0.640190113730494   0.641959438978058   0.642645874601102   0.648845660910606 
        0.001497006         0.001497006         0.001497006         0.001497006 
  0.665554997804392   0.685356827516848   0.691907650620629   0.712926274993486 
        0.001497006         0.001497006         0.001497006         0.001497006 
   0.71639075134818   0.727390545137777    0.73481674808727   0.735308973177839 
        0.001497006         0.001497006         0.001497006         0.001497006 
  0.741501922094801   0.747976475682272   0.757293050237028   0.802346149553629 
        0.001497006         0.001497006         0.001497006         0.001497006 
  0.808473704286057   0.818288119134781   0.821957341097351   0.827560308837763 
        0.001497006         0.001497006         0.001497006         0.001497006 
  0.834668512377117   0.835757394433044   0.835902865788306   0.852643113220253 
        0.001497006         0.001497006         0.001497006         0.001497006 
  0.857228941201222   0.876517355454964   0.881160905106062   0.891384449726131 
        0.001497006         0.001497006         0.001497006         0.001497006 
  0.906129976720132   0.923276095595663   0.926294144311475   0.935960621590568 
        0.001497006         0.001497006         0.001497006         0.001497006 
  0.957942186131525   0.977930739284367   0.990465143232472                   1 
        0.001497006         0.001497006         0.001497006         0.172155689 
   1.07142329604764    1.09997903131502    1.13520962031622    1.21771422604513 
        0.001497006         0.001497006         0.001497006         0.001497006 
   1.26632024788789    1.28354571900126    1.30117856471328    1.31928235192061 
        0.001497006         0.001497006         0.001497006         0.001497006 
   1.35693607159548    1.36197520832231    1.40487693330153    1.40917969256161 
        0.001497006         0.001497006         0.001497006         0.001497006 
   1.41953683258352    1.44788521574184    1.46821207654123    1.47377769132698 
        0.001497006         0.001497006         0.001497006         0.001497006 
   1.57713425956049    1.64345092259306    1.64602902659236    1.69693860916814 
        0.001497006         0.001497006         0.001497006         0.001497006 
   1.70450033859323    1.82455984863539    1.90471036797311    1.94487146313171 
        0.001497006         0.001497006         0.001497006         0.001497006 
   1.94989369738641    1.96807310648977    1.99507141662185                   2 
        0.001497006         0.001497006         0.001497006         0.083832335 
   2.02783900930449    2.03966376097467    2.14915260907649    2.47336519564684 
        0.001497006         0.001497006         0.001497006         0.001497006 
   2.82058982041829    2.88020829439864                   3                   4 
        0.001497006         0.001497006         0.028443114         0.007485030 
                  5                   6 
        0.002994012         0.001497006 

  Parameters of node tt (multinomial distribution)

Conditional probability table:
 
                     estado
tt                              0           1
  0                   0.347305389 0.341317365
  0.00034953624956946 0.000000000 0.002994012
  0.00365509011701082 0.000000000 0.002994012
  0.0102708388436125  0.000000000 0.002994012
  0.0226618737550461  0.000000000 0.002994012
  0.0441385214312664  0.000000000 0.002994012
  0.0533802838238721  0.000000000 0.002994012
  0.0539322195719366  0.000000000 0.002994012
  0.0846981843848498  0.000000000 0.002994012
  0.110963141213208   0.000000000 0.002994012
  0.112811853346071   0.000000000 0.002994012
  0.119632047580082   0.000000000 0.002994012
  0.142365640287286   0.000000000 0.002994012
  0.142846592095283   0.000000000 0.002994012
  0.15153069541593    0.000000000 0.002994012
  0.185180762893085   0.000000000 0.002994012
  0.202022949462239   0.000000000 0.002994012
  0.232000869285366   0.000000000 0.002994012
  0.241780557921838   0.000000000 0.002994012
  0.245528284265367   0.000000000 0.002994012
  0.259681760250143   0.000000000 0.002994012
  0.282628001612411   0.000000000 0.002994012
  0.29023158370824    0.000000000 0.002994012
  0.293134096555159   0.000000000 0.002994012
  0.295410153719197   0.000000000 0.002994012
  0.307654161214917   0.000000000 0.002994012
  0.344677003965914   0.000000000 0.002994012
  0.370751061864645   0.000000000 0.002994012
  0.376793619839469   0.000000000 0.002994012
  0.391306083443053   0.000000000 0.002994012
  0.392813407279967   0.000000000 0.002994012
  0.408895442004967   0.000000000 0.002994012
  0.422865740439514   0.000000000 0.002994012
  0.426583762456223   0.000000000 0.002994012
  0.432395189841892   0.000000000 0.002994012
  0.437743767815167   0.000000000 0.002994012
  0.447457827229475   0.000000000 0.002994012
  0.511885947547345   0.000000000 0.002994012
  0.51668721487344    0.000000000 0.002994012
  0.528911770731121   0.000000000 0.002994012
  0.531167939851235   0.000000000 0.002994012
  0.538081961154959   0.000000000 0.002994012
  0.552114784258156   0.000000000 0.002994012
  0.554416258960927   0.000000000 0.002994012
  0.558828440785588   0.000000000 0.002994012
  0.571482414054012   0.000000000 0.002994012
  0.573697849321238   0.000000000 0.002994012
  0.598420520651339   0.000000000 0.002994012
  0.601441105650029   0.000000000 0.002994012
  0.638024791677688   0.000000000 0.002994012
  0.63856470384122    0.000000000 0.002994012
  0.650223257807697   0.000000000 0.002994012
  0.67085880866486    0.000000000 0.002994012
  0.674988522247075   0.000000000 0.002994012
  0.698821435286721   0.000000000 0.002994012
  0.701273311987762   0.000000000 0.002994012
  0.708799162421994   0.000000000 0.002994012
  0.710546070509947   0.000000000 0.002994012
  0.712926274993486   0.000000000 0.002994012
  0.714418240922519   0.000000000 0.002994012
  0.716454280998745   0.000000000 0.002994012
  0.719138893835298   0.000000000 0.002994012
  0.729674037940983   0.000000000 0.002994012
  0.73481674808727    0.000000000 0.002994012
  0.750568678504542   0.000000000 0.002994012
  0.772099068237706   0.000000000 0.002994012
  0.776376259756254   0.000000000 0.002994012
  0.778546820620073   0.000000000 0.002994012
  0.782285773954875   0.000000000 0.002994012
  0.784851980597854   0.000000000 0.002994012
  0.800176301731341   0.000000000 0.002994012
  0.800208124832742   0.000000000 0.002994012
  0.821957341097351   0.000000000 0.002994012
  0.822422315248123   0.000000000 0.002994012
  0.837537994250245   0.000000000 0.002994012
  0.891384449726131   0.000000000 0.002994012
  0.899958057364607   0.000000000 0.002994012
  0.906129976720132   0.000000000 0.002994012
  0.951383709298689   0.000000000 0.002994012
  0.970530258805867   0.000000000 0.002994012
  0.971052277985809   0.000000000 0.002994012
  0.978883983374148   0.000000000 0.002994012
  0.992096437208162   0.000000000 0.002994012
  0.999301510309976   0.000000000 0.002994012
  1                   0.362275449 0.026946108
  1.01716623202867    0.000000000 0.002994012
  1.02276639307423    0.000000000 0.002994012
  1.04205781386848    0.000000000 0.002994012
  1.04589668623933    0.000000000 0.002994012
  1.0722776358884     0.000000000 0.002994012
  1.10267283856048    0.000000000 0.002994012
  1.10994060797849    0.000000000 0.002994012
  1.11853558575092    0.000000000 0.002994012
  1.11883909489394    0.000000000 0.002994012
  1.1232602459049     0.000000000 0.002994012
  1.12789836082425    0.000000000 0.002994012
  1.14045570180071    0.000000000 0.002994012
  1.15140206374341    0.000000000 0.002994012
  1.16424260556696    0.000000000 0.002994012
  1.18171188086522    0.000000000 0.002994012
  1.2286296387036     0.000000000 0.002994012
  1.24270694976297    0.000000000 0.002994012
  1.25830757413058    0.000000000 0.002994012
  1.27657031820124    0.000000000 0.002994012
  1.2827505529822     0.000000000 0.002994012
  1.28360924865182    0.000000000 0.002994012
  1.29785115989077    0.000000000 0.002994012
  1.30809234937937    0.000000000 0.002994012
  1.34668915336804    0.000000000 0.002994012
  1.34764871990926    0.000000000 0.002994012
  1.35804056102194    0.000000000 0.002994012
  1.35980988626951    0.000000000 0.002994012
  1.36455616122685    0.000000000 0.002994012
  1.4008034937696     0.000000000 0.002994012
  1.42009558694051    0.000000000 0.002994012
  1.42432890892859    0.000000000 0.002994012
  1.42598661518228    0.000000000 0.002994012
  1.44643641880259    0.000000000 0.002994012
  1.45834009408442    0.000000000 0.002994012
  1.46290531838967    0.000000000 0.002994012
  1.46774862812624    0.000000000 0.002994012
  1.47377769132698    0.000000000 0.002994012
  1.48797933601721    0.000000000 0.002994012
  1.51461933863743    0.000000000 0.002994012
  1.52129001169474    0.000000000 0.002994012
  1.5246213394815     0.000000000 0.002994012
  1.53668456590113    0.000000000 0.002994012
  1.57248312716674    0.000000000 0.002994012
  1.57709987172939    0.000000000 0.002994012
  1.57962397647018    0.000000000 0.002994012
  1.58956016858864    0.000000000 0.002994012
  1.59382761520875    0.000000000 0.002994012
  1.63133204854128    0.000000000 0.002994012
  1.64060546478875    0.000000000 0.002994012
  1.64345092259306    0.000000000 0.002994012
  1.67221149093527    0.000000000 0.002994012
  1.68163825272271    0.000000000 0.002994012
  1.75196107489896    0.000000000 0.002994012
  1.76192873841352    0.000000000 0.002994012
  1.7683549164392     0.000000000 0.002994012
  1.77787204259797    0.000000000 0.002994012
  1.80954448814998    0.000000000 0.002994012
  1.81539599618508    0.000000000 0.002994012
  1.82239148194793    0.000000000 0.002994012
  1.82455984863539    0.000000000 0.002994012
  1.85370045724512    0.000000000 0.002994012
  1.85722894120122    0.000000000 0.002994012
  1.91818922286354    0.000000000 0.002994012
  1.92149195043503    0.000000000 0.002994012
  1.92383595633469    0.000000000 0.002994012
  1.92765113618347    0.000000000 0.002994012
  1.93614621297953    0.000000000 0.002994012
  1.94989369738641    0.000000000 0.002994012
  1.95388028927855    0.000000000 0.002994012
  1.96135283729679    0.000000000 0.002994012
  1.97777737477804    0.000000000 0.002994012
  1.98197224835109    0.000000000 0.002994012
  1.9920126699202     0.000000000 0.002994012
  2                   0.203592814 0.128742515
  2.03966376097467    0.000000000 0.002994012
  2.06877939730317    0.000000000 0.002994012
  2.2159815442241     0.000000000 0.002994012
  2.46176946125487    0.000000000 0.002994012
  2.47318027611704    0.000000000 0.002994012
  2.64062488319592    0.000000000 0.002994012
  2.67594633643483    0.000000000 0.002994012
  2.7745586282195     0.000000000 0.002994012
  2.81757270184641    0.000000000 0.002994012
  2.93354401068625    0.000000000 0.002994012
  3                   0.059880240 0.005988024
  4                   0.020958084 0.000000000
  5                   0.005988024 0.000000000

  Parameters of node pt (multinomial distribution)

Conditional probability table:
                  0 0.0180277516489071 0.0193235813516066 0.0220692607156332 
       0.229041916        0.001497006        0.001497006        0.001497006 
0.0289477220141915 0.0444452504439217 0.0999790313150192  0.102672838560484 
       0.001497006        0.001497006        0.001497006        0.001497006 
 0.118209758320703  0.119791705601359  0.146299542754884  0.152328087330618 
       0.001497006        0.001497006        0.001497006        0.001497006 
 0.157016099129941  0.157667906187985  0.164097134211694  0.165331487622883 
       0.001497006        0.001497006        0.001497006        0.001497006 
 0.179410179581711  0.197653850446371  0.205203103837588  0.210188011764909 
       0.001497006        0.001497006        0.001497006        0.001497006 
 0.215148019402146  0.227900931762294  0.228629638703602  0.231657717049434 
       0.001497006        0.001497006        0.001497006        0.001497006 
 0.252023524317728   0.26612568593688   0.28360924865182  0.318361747277288 
       0.001497006        0.001497006        0.001497006        0.001497006 
 0.334445002195608   0.33542940433243  0.345953825310314  0.351154339089394 
       0.001497006        0.001497006        0.001497006        0.001497006 
 0.378484797648639  0.388188129878127  0.388320699127814  0.391055907608673 
       0.001497006        0.001497006        0.001497006        0.001497006 
 0.398558894349971  0.402807171833927  0.404876933301526  0.405924377085007 
       0.001497006        0.001497006        0.001497006        0.001497006 
 0.408895442004967  0.409144059567391  0.410439831411357  0.424328908928585 
       0.001497006        0.001497006        0.001497006        0.001497006 
 0.449979028682303  0.463290167121607  0.480168119512664  0.485380661362568 
       0.001497006        0.001497006        0.001497006        0.001497006 
 0.512020663982787  0.512746688180594  0.515443946420273  0.522948343119663 
       0.001497006        0.001497006        0.001497006        0.001497006 
 0.523242389642861  0.524864346816136  0.526634804353163  0.528911770731121 
       0.001497006        0.001497006        0.001497006        0.001497006 
 0.541659905915581  0.543085835231812  0.562256232184833  0.563949180412123 
       0.001497006        0.001497006        0.001497006        0.001497006 
 0.575701031871705   0.58006635986803    0.5816807767743  0.583977066486159 
       0.001497006        0.001497006        0.001497006        0.001497006 
 0.587616027588109  0.590373509808157  0.598420520651339  0.633160123943947 
       0.001497006        0.001497006        0.001497006        0.001497006 
 0.640190113730494  0.641772859500628  0.643450922593059  0.675905103759405 
       0.001497006        0.001497006        0.001497006        0.001497006 
 0.706865903444841  0.712926274993486  0.713623175051343  0.717371998387589 
       0.001497006        0.001497006        0.001497006        0.001497006 
 0.727390545137777  0.741692425869424  0.754471715734633  0.811922091591874 
       0.001497006        0.001497006        0.001497006        0.001497006 
 0.815395996185083  0.815666024270642  0.827878601186026  0.846172919392542 
       0.001497006        0.001497006        0.001497006        0.001497006 
 0.850847390923508  0.861372015677004  0.866815138049974  0.878818928430151 
       0.001497006        0.001497006        0.001497006        0.001497006 
  0.88096436920676  0.881464414249084  0.882343118428824  0.887370511570786 
       0.001497006        0.001497006        0.001497006        0.001497006 
 0.889036858786792  0.916183006879885  0.918189222863539  0.953880289278551 
       0.001497006        0.001497006        0.001497006        0.001497006 
                 1   1.00731018023402   1.02946974119413   1.08807370069308 
       0.326347305        0.001497006        0.001497006        0.001497006 
  1.11393452927803   1.12691166144501   1.14033361657377   1.14802676963544 
       0.001497006        0.001497006        0.001497006        0.001497006 
  1.15153069541593   1.21492765463196    1.2159815442241   1.21771422604513 
       0.001497006        0.001497006        0.001497006        0.001497006 
  1.21797395316445   1.22145317937993   1.24202383779632   1.24943132149546 
       0.001497006        0.001497006        0.001497006        0.001497006 
  1.29023158370824    1.2954101537192   1.32097971948903   1.35547708307839 
       0.001497006        0.001497006        0.001497006        0.001497006 
  1.36197520832231   1.37864652511851    1.4139784639045   1.41759832484399 
       0.001497006        0.001497006        0.001497006        0.001497006 
  1.42758351766073   1.43239518984189   1.43375676354323   1.44900058068886 
       0.001497006        0.001497006        0.001497006        0.001497006 
  1.45521453262141   1.47318027611704   1.47377769132698   1.48080913227571 
       0.001497006        0.001497006        0.001497006        0.001497006 
  1.48331278512656   1.49906398943108   1.53599826142927   1.53691091582016 
       0.001497006        0.001497006        0.001497006        0.001497006 
  1.57162632556963   1.57713425956049   1.62963847421383   1.65058928235664 
       0.001497006        0.001497006        0.001497006        0.001497006 
  1.65235128009074   1.65331084663196   1.67432670908775   1.68959313243439 
       0.001497006        0.001497006        0.001497006        0.001497006 
  1.71110571112029   1.72394260787092   1.74031823974986    1.7415019220948 
       0.001497006        0.001497006        0.001497006        0.001497006 
  1.74150212372929   1.74633175081093    1.7745586282195   1.81757270184641 
       0.001497006        0.001497006        0.001497006        0.001497006 
  1.82455984863539   1.82756030883776   1.85225016929661   1.86106828663633 
       0.001497006        0.001497006        0.001497006        0.001497006 
  1.86371301983722   1.90784508838743   1.92327609559566   1.92629414431148 
       0.001497006        0.001497006        0.001497006        0.001497006 
  1.93354401068624   1.93461571712786    1.9368253473955   1.94487146313171 
       0.001497006        0.001497006        0.001497006        0.001497006 
  1.94989369738641   1.97723360692577   1.97888398337415   1.98972916115639 
       0.001497006        0.001497006        0.001497006        0.001497006 
  1.99046514323247                  2   2.11963204758008   2.20202294946224 
       0.001497006        0.121257485        0.001497006        0.001497006 
  2.57148241405401   2.60035260346268   2.72967403794098   2.90276741859738 
       0.001497006        0.001497006        0.001497006        0.001497006 
                 3                  4                  5                  6 
       0.056886228        0.007485030        0.004491018        0.001497006 

  Parameters of node game_score (multinomial distribution)

Conditional probability table:
                   0 0.00034953624956946 0.00731018023402163  0.0113309368775231 
        0.317365269         0.001497006         0.001497006         0.001497006 
  0.017389847689259  0.0220692607156332  0.0423490921924249  0.0533802838238721 
        0.001497006         0.001497006         0.001497006         0.001497006 
 0.0539322195719366  0.0722776358884034  0.0766596614387487  0.0880737006930769 
        0.001497006         0.001497006         0.001497006         0.001497006 
  0.102672838560484   0.110963141213208   0.112811853346071   0.113848089028651 
        0.001497006         0.001497006         0.001497006         0.001497006 
  0.119808437446505   0.123260245904901   0.134701069031148   0.142365640287286 
        0.001497006         0.001497006         0.001497006         0.001497006 
  0.153827080607458   0.173498863241322   0.188396809919735   0.199958062630038 
        0.001497006         0.001497006         0.001497006         0.001497006 
  0.228629638703602   0.239264095160164   0.241780557921838   0.245528284265367 
        0.001497006         0.001497006         0.001497006         0.001497006 
  0.259681760250143   0.276570318201242    0.33542940433243   0.344677003965914 
        0.001497006         0.001497006         0.001497006         0.001497006 
  0.350636655993881   0.388188129878127   0.392813407279967   0.400104062416371 
        0.001497006         0.001497006         0.001497006         0.001497006 
  0.404045898924478   0.408895442004967   0.411211157624061   0.418768997125123 
        0.001497006         0.001497006         0.001497006         0.001497006 
  0.424328908928585   0.426583762456223   0.449979028682303   0.491327895107925 
        0.001497006         0.001497006         0.001497006         0.001497006 
  0.508583116014337   0.522948343119663   0.528911770731121   0.531167939851235 
        0.001497006         0.001497006         0.001497006         0.001497006 
  0.536910915820155    0.53836705799703   0.554416258960927   0.554970303989243 
        0.001497006         0.001497006         0.001497006         0.001497006 
  0.562825956482225   0.563949180412123   0.570227850900355   0.571626325569632 
        0.001497006         0.001497006         0.001497006         0.001497006 
  0.575701031871705   0.598420520651339   0.633160123943947   0.640605464788751 
        0.001497006         0.001497006         0.001497006         0.001497006 
  0.648925579945386   0.650223257807697   0.682278080613423   0.685356827516848 
        0.001497006         0.001497006         0.001497006         0.001497006 
  0.708799162421994   0.710546070509947   0.712926274993486   0.727390545137777 
        0.001497006         0.001497006         0.001497006         0.001497006 
   0.73481674808727   0.735308973177839   0.741501922094801    0.74150212372929 
        0.001497006         0.001497006         0.001497006         0.001497006 
  0.760645005847368   0.762310669740748   0.786241563583369   0.788549935864694 
        0.001497006         0.001497006         0.001497006         0.001497006 
  0.789811988235091   0.808473704286057   0.809753866603053   0.815395996185083 
        0.001497006         0.001497006         0.001497006         0.001497006 
  0.815666024270642   0.821957341097351   0.827560308837763   0.836105745467633 
        0.001497006         0.001497006         0.001497006         0.001497006 
  0.855167035321465   0.857228941201222    0.88096436920676   0.891384449726131 
        0.001497006         0.001497006         0.001497006         0.001497006 
  0.904772244074992   0.906129976720132   0.923276095595663   0.926294144311475 
        0.001497006         0.001497006         0.001497006         0.001497006 
  0.952355183986553   0.963825568091736   0.990465143232472   0.999301510309976 
        0.001497006         0.001497006         0.001497006         0.001497006 
                  1    1.00228723302976    1.01138319653712    1.01932358135161 
        0.263473054         0.001497006         0.001497006         0.001497006 
   1.02111601662585    1.02952883266286    1.07142329604764    1.11393452927803 
        0.001497006         0.001497006         0.001497006         0.001497006 
    1.1242190490255    1.21492765463196    1.21771422604513    1.21797395316445 
        0.001497006         0.001497006         0.001497006         0.001497006 
   1.23165771704943    1.26612568593688    1.26854734080517    1.28546341948681 
        0.001497006         0.001497006         0.001497006         0.001497006 
   1.31928235192061    1.32097971948903    1.32132293730055    1.34595382531031 
        0.001497006         0.001497006         0.001497006         0.001497006 
   1.36197520832231    1.37864652511851    1.37918626486878    1.40914405956739 
        0.001497006         0.001497006         0.001497006         0.001497006 
   1.42632155661013    1.44900058068886    1.45909461143177    1.46798031079528 
        0.001497006         0.001497006         0.001497006         0.001497006 
   1.47318027611704    1.47377769132698    1.47694014463928    1.48080913227571 
        0.001497006         0.001497006         0.001497006         0.001497006 
   1.51983188048734    1.56760481015811    1.57148241405401    1.57713425956049 
        0.001497006         0.001497006         0.001497006         0.001497006 
   1.60035260346268    1.60799077211205    1.64177285950063    1.64345092259306 
        0.001497006         0.001497006         0.001497006         0.001497006 
   1.65058928235664    1.67594633643483    1.67846803579774     1.7045898462808 
        0.001497006         0.001497006         0.001497006         0.001497006 
   1.70976841629176    1.72394260787092    1.72967403794098    1.73410603827061 
        0.001497006         0.001497006         0.001497006         0.001497006 
   1.74633175081093     1.7745586282195    1.81757270184641    1.82301451329618 
        0.001497006         0.001497006         0.001497006         0.001497006 
   1.82455984863539    1.84846930458407    1.85225016929661    1.90276741859738 
        0.001497006         0.001497006         0.001497006         0.001497006 
   1.90784508838743    1.93354401068624    1.94487146313171    1.94989369738641 
        0.001497006         0.001497006         0.001497006         0.001497006 
   1.96807310648977    1.99507141662185                   2                   3 
        0.001497006         0.001497006         0.137724551         0.032934132 
                  4                   5 
        0.013473054         0.001497006 

  Parameters of node op1 (conditional Gaussian distribution)

Conditional density: op1 | op3 + op4 + op5 + sv5 + programa + estado
Coefficients:
                       0            1
(Intercept)   0.48381733   0.37283012
op3           0.04704433  -0.24270657
op4           0.02826315   0.26900789
op5           0.06127128  -0.46872429
sv5           0.11969770   0.36863196
programa     -0.02729967  -0.09127906
Standard deviation of the residuals:
        0          1  
0.4970451  0.4068346  
Discrete parents' configurations:
   estado
0       0
1       1

  Parameters of node op2 (Gaussian distribution)

Conditional density: op2 | op1 + op4 + op5
Coefficients:
(Intercept)          op1          op4          op5  
 0.52364404   0.20251588   0.06747429   0.10474920  
Standard deviation of the residuals: 0.4534487 

  Parameters of node op3 (conditional Gaussian distribution)

Conditional density: op3 | estado
Coefficients:
                     0          1
(Intercept)  0.3832335  0.2964072
Standard deviation of the residuals:
        0          1  
0.4869039  0.4573579  
Discrete parents' configurations:
   estado
0       0
1       1

  Parameters of node op4 (Gaussian distribution)

Conditional density: op4 | op3
Coefficients:
(Intercept)          op3  
  0.3628118    0.2451177  
Standard deviation of the residuals: 0.4840641 

  Parameters of node op5 (conditional Gaussian distribution)

Conditional density: op5 | op3 + op4 + sv5 + programa + estado
Coefficients:
                       0            1
(Intercept)   0.04585542   0.13614170
op3           0.28180981   0.12988052
op4           0.20065281   0.27372150
sv5           0.35079712   0.05800996
programa     -0.03201739  -0.04677261
Standard deviation of the residuals:
        0          1  
0.4363052  0.3500421  
Discrete parents' configurations:
   estado
0       0
1       1

  Parameters of node op6 (conditional Gaussian distribution)

Conditional density: op6 | op2 + op5 + sv4 + sv5 + sv6 + score_a + estado
Coefficients:
                       0            1
(Intercept)   0.03773267  -0.07842810
op2           0.02071393   0.37769480
op5           0.06588220   0.25184602
sv4          -0.10082233   0.15205391
sv5           0.09780150  -0.14307856
sv6           0.59756383   0.30295810
score_a      -0.01832092  -0.05322870
Standard deviation of the residuals:
        0          1  
0.4330623  0.3672543  
Discrete parents' configurations:
   estado
0       0
1       1

  Parameters of node sv1 (Gaussian distribution)

Conditional density: sv1 | op1 + op2 + sv6 + score_d + programa
Coefficients:
 (Intercept)           op1           op2           sv6       score_d  
 0.984614768   0.021433386   0.020434117   0.045223650  -0.009070893  
    programa  
-0.010353950  
Standard deviation of the residuals: 0.1060965 

  Parameters of node sv2 (conditional Gaussian distribution)

Conditional density: sv2 | op1 + op2 + op3 + sv1 + sv6 + score_p + score_s + programa + estado
Coefficients:
                         0              1
(Intercept)   0.4208063611   0.9246017773
op1           0.0320785536  -0.0512856587
op2           0.1229320297   0.4996902673
op3           0.0462546347   0.1630849280
sv1           0.3152828795   0.0000000000
sv6           0.0709758603  -0.0015690169
score_p       0.0048645342  -0.1137821885
score_s       0.0117422253   0.0612221120
programa      0.0002470959  -0.0723347203
Standard deviation of the residuals:
        0          1  
0.1945268  0.2713774  
Discrete parents' configurations:
   estado
0       0
1       1

  Parameters of node sv3 (conditional Gaussian distribution)

Conditional density: sv3 | op1 + op4 + sv2 + sv4 + sv5 + sv6 + score + score_p + programa + estado
Coefficients:
                        0             1
(Intercept)  -0.096807179  -0.735111492
op1           0.030540452  -0.254815568
op4           0.073498243   0.167317322
sv2           0.261572672   0.152334100
sv4           0.164882455   0.308561597
sv5           0.198286062   0.142713110
sv6           0.086825475   0.142778940
score         0.006285649   0.070199904
score_p      -0.044309382  -0.073572860
programa     -0.022642463   0.058113169
Standard deviation of the residuals:
        0          1  
0.4635752  0.3947207  
Discrete parents' configurations:
   estado
0       0
1       1

  Parameters of node sv4 (conditional Gaussian distribution)

Conditional density: sv4 | op3 + op4 + estado
Coefficients:
                     0          1
(Intercept)  0.5194368  0.6413446
op3          0.1241342  0.1827544
op4          0.4216387  0.2764160
Standard deviation of the residuals:
        0          1  
0.3572890  0.3493832  
Discrete parents' configurations:
   estado
0       0
1       1

  Parameters of node sv5 (conditional Gaussian distribution)

Conditional density: sv5 | op3 + op4 + sv4 + estado
Coefficients:
                        0             1
(Intercept)   0.712000104   0.428571429
op3           0.104570849   0.090461921
op4          -0.006214813   0.136823656
sv4           0.174956395   0.393897051
Standard deviation of the residuals:
        0          1  
0.3078131  0.3108051  
Discrete parents' configurations:
   estado
0       0
1       1

  Parameters of node sv6 (conditional Gaussian distribution)

Conditional density: sv6 | op1 + op2 + op3 + sv4 + sv5 + estado
Coefficients:
                       0            1
(Intercept)   0.34513783   0.65651352
op1           0.04661025  -0.21962331
op2           0.19550524   0.07114995
op3           0.07932984   0.16200501
sv4           0.14516926  -0.07551829
sv5           0.15501166   0.26034062
Standard deviation of the residuals:
        0          1  
0.3825713  0.3410044  
Discrete parents' configurations:
   estado
0       0
1       1

  Parameters of node score (conditional Gaussian distribution)

Conditional density: score | op1 + op2 + op3 + op5 + sv4 + sv5 + sv6 + programa + estado
Coefficients:
                       0            1
(Intercept)   7.46530740   6.09206466
op1           0.03078830   0.43000400
op2           0.07275109   0.43052861
op3          -0.29337791   0.50516802
op5           0.08247657  -0.67308354
sv4           0.59961356  -0.64827158
sv5           0.95377115  -0.65501185
sv6           0.02901573   2.07304972
programa     -0.41432936  -0.25083026
Standard deviation of the residuals:
       0         1  
2.142561  1.423718  
Discrete parents' configurations:
   estado
0       0
1       1

  Parameters of node score_a (conditional Gaussian distribution)

Conditional density: score_a | op1 + op5 + sv4 + score + score_d + programa + estado
Coefficients:
                        0             1
(Intercept)  -0.553703879   0.200557513
op1          -0.001323866   0.204048593
op5          -0.062635418  -0.357494814
sv4           0.067986301  -0.564445463
score         0.561921260   0.627224262
score_d       0.270521775  -0.077864899
programa      0.093431614   0.039683942
Standard deviation of the residuals:
        0          1  
0.7351075  0.6102519  
Discrete parents' configurations:
   estado
0       0
1       1

  Parameters of node score_p (conditional Gaussian distribution)

Conditional density: score_p | op3 + op4 + op5 + op6 + sv4 + score + score_a + score_d + programa + estado
Coefficients:
                       0            1
(Intercept)  -0.16933241  -1.25423243
op3          -0.09648291  -0.13591495
op4           0.13076803  -0.06218314
op5           0.06146581   0.25971977
op6           0.05400103   0.16683452
sv4          -0.04607591   0.34098540
score         1.00005449   0.90730911
score_a      -0.51322496  -0.47090578
score_d      -0.59707101  -0.37414728
programa     -0.04363736   0.12579117
Standard deviation of the residuals:
        0          1  
0.4926562  0.4584999  
Discrete parents' configurations:
   estado
0       0
1       1

  Parameters of node score_d (conditional Gaussian distribution)

Conditional density: score_d | op1 + op2 + op4 + op5 + sv4 + sv5 + sv6 + score + estado
Coefficients:
                        0             1
(Intercept)  -0.057565572  -0.266055414
op1           0.095336368   0.384071308
op2          -0.001697618  -0.236616243
op4           0.051154055  -0.206339421
op5           0.042245129   0.324836410
sv4          -0.142095532  -0.460021675
sv5          -0.184214860   0.229551775
sv6           0.151853576   0.285159554
score         0.327658498   0.319340148
Standard deviation of the residuals:
        0          1  
0.7361484  0.5118497  
Discrete parents' configurations:
   estado
0       0
1       1

  Parameters of node score_s (conditional Gaussian distribution)

Conditional density: score_s | op1 + op4 + sv5 + sv6 + score + score_a + score_p + score_d + programa + estado
Coefficients:
                       0            1
(Intercept)   0.31819154   0.36108138
op1           0.04628234   0.12777262
op4           0.11169715  -0.14693200
sv5           0.11326948   0.42149210
sv6           0.11588442  -0.23236968
score         0.72580125   0.20810952
score_a      -0.35294623   0.19939356
score_p      -0.58651582  -0.24814423
score_d       0.02238270   0.22327240
programa     -0.03269231  -0.10886122
Standard deviation of the residuals:
        0          1  
0.5719393  0.5039730  
Discrete parents' configurations:
   estado
0       0
1       1

  Parameters of node programa (conditional Gaussian distribution)

Conditional density: programa | op3 + sv5 + estado
Coefficients:
                        0             1
(Intercept)   4.111040983   2.910714286
op3          -0.082649587   0.201230179
sv5          -0.005113699   0.413308061
Standard deviation of the residuals:
        0          1  
0.9561051  0.8160903  
Discrete parents' configurations:
   estado
0       0
1       1

  Parameters of node sol1 (multinomial distribution)

Conditional probability table:
                 0 0.168231255473902 0.238224080067233 0.324053663565171 
      0.080838323       0.001497006       0.001497006       0.001497006 
0.358227140499372 0.425986615182278 0.475135653183864 0.475356379575754 
      0.001497006       0.001497006       0.001497006       0.001497006 
0.590855940432609 0.654046174689686  0.73387431406312 0.768342282950566 
      0.001497006       0.001497006       0.001497006       0.001497006 
0.768354916439197  0.92149195043503 0.923835956334691 0.977777374778039 
      0.001497006       0.001497006       0.001497006       0.001497006 
0.980676418648393                 1  1.63056403529473  2.25579672164849 
      0.001497006       0.004491018       0.001497006       0.001497006 
                3  3.53851875817762                 4  4.00062574343339 
      0.002994012       0.001497006       0.029940120       0.001497006 
 4.00790356279184  4.02206926071563  4.02894772201419  4.05338028382387 
      0.001497006       0.001497006       0.001497006       0.001497006 
 4.05783057894898  4.07004379892571  4.11281185334607  4.13475089248236 
      0.001497006       0.001497006       0.001497006       0.001497006 
 4.14236564028729  4.21514801940215  4.22790093176229  4.24178055792184 
      0.001497006       0.001497006       0.001497006       0.001497006 
 4.28066723314755  4.31772191938658  4.34380780724854  4.35162016102636 
      0.001497006       0.001497006       0.001497006       0.001497006 
 4.37075106186465  4.40095781276747  4.42977214909965  4.46191803884504 
      0.001497006       0.001497006       0.001497006       0.001497006 
 4.53116793985124  4.56225623218483  4.60869391655695  4.61167930087219 
      0.001497006       0.001497006       0.001497006       0.001497006 
  4.6502232578077  4.70230867817879  4.71054607050995  4.71639075134818 
      0.001497006       0.001497006       0.001497006       0.001497006 
 4.73592859154923  4.73977223072089  4.77904254454078  4.80898858045708 
      0.001497006       0.001497006       0.001497006       0.001497006 
 4.81184875417001  4.82195734109735  4.82795692780901  4.84031923723552 
      0.001497006       0.001497006       0.001497006       0.001497006 
 4.89138444972613  4.90612997672013   4.9130507615537  4.94636055223409 
      0.001497006       0.001497006       0.001497006       0.001497006 
 4.95138370929869  4.97303676517719  4.99812797886216                 5 
      0.001497006       0.001497006       0.001497006       0.073353293 
 5.02946974119413  5.07370585568852  5.09522775592501  5.11498949215812 
      0.001497006       0.001497006       0.001497006       0.001497006 
 5.12691166144501  5.14284659209528  5.17015436512074  5.19152629571394 
      0.001497006       0.001497006       0.001497006       0.001497006 
 5.19765385044637  5.22145317937993  5.24269033068128  5.25202352431773 
      0.001497006       0.001497006       0.001497006       0.001497006 
 5.26024829486198  5.27032596205902  5.29066791216915  5.29993709394506 
      0.001497006       0.001497006       0.001497006       0.001497006 
 5.31682405656069  5.33444500219561  5.35107442005461  5.36138425347217 
      0.001497006       0.001497006       0.001497006       0.001497006 
 5.37044793363511  5.37943796235432  5.39245151921905  5.41121115762406 
      0.001497006       0.001497006       0.001497006       0.001497006 
 5.42831317639633  5.42837367443037  5.42851758594599  5.44502969601076 
      0.001497006       0.001497006       0.001497006       0.001497006 
 5.44558374103907  5.45909461143177  5.47694014463928  5.52324238964286 
      0.001497006       0.001497006       0.001497006       0.001497006 
 5.53691091582016  5.54141982029714  5.54308583523181  5.54911725643899 
      0.001497006       0.001497006       0.001497006       0.001497006 
 5.57341623754378  5.58761602758811  5.59037350980816  5.59327346797793 
      0.001497006       0.001497006       0.001497006       0.001497006 
 5.60746382731598  5.60799077211205  5.63514540369281  5.63856470384122 
      0.001497006       0.001497006       0.001497006       0.001497006 
 5.67590510375941  5.72742603967443  5.74031823974986   5.7415019220948 
      0.001497006       0.001497006       0.001497006       0.001497006 
  5.7576378568603  5.76288049954985  5.79797705053776  5.82756030883776 
      0.001497006       0.001497006       0.001497006       0.001497006 
 5.82787860118603  5.85264311322025    5.861372015677  5.86681513804997 
      0.001497006       0.001497006       0.001497006       0.001497006 
 5.87365069479099  5.88036795241992  5.88615191097135  5.91221258948174 
      0.001497006       0.001497006       0.001497006       0.001497006 
 5.91618300687988  5.93354401068625  5.94755538265397  5.95101731032979 
      0.001497006       0.001497006       0.001497006       0.001497006 
 5.97450662363881  5.98169170590802  5.99046514323247                 6 
      0.001497006       0.001497006       0.001497006       0.089820359 
 6.00228723302976  6.07942965880852  6.10296345976676   6.1242190490255 
      0.001497006       0.001497006       0.001497006       0.001497006 
 6.18197038671042  6.18807790840813  6.20049361187155  6.21463079990458 
      0.001497006       0.001497006       0.001497006       0.001497006 
 6.21797395316445  6.24303040470272  6.28546341948681  6.28690184518612 
      0.001497006       0.001497006       0.001497006       0.001497006 
 6.32132293730055  6.35693607159548  6.37036152578617  6.37502028225326 
      0.001497006       0.001497006       0.001497006       0.001497006 
 6.41602293351384   6.4183192232257  6.41993364013197  6.46400173857073 
      0.001497006       0.001497006       0.001497006       0.001497006 
 6.56525600322482  6.58626819311032  6.58959379232482  6.64602902659236 
      0.001497006       0.001497006       0.001497006       0.001497006 
 6.64911969727079  6.68466418762403  6.73410603827061  6.76868050576593 
      0.001497006       0.001497006       0.001497006       0.001497006 
 6.82781812602931  6.85225016929661   6.8817902416793  6.89978739477283 
      0.001497006       0.001497006       0.001497006       0.001497006 
 6.93614621297953                 7   7.0039936650399  7.11765688157118 
      0.001497006       0.074850299       0.001497006       0.001497006 
 7.20288221130006  7.22281372852457  7.30820621674686  7.33249675350566 
      0.001497006       0.001497006       0.001497006       0.001497006 
 7.41493764368161  7.41876899712512  7.51188594754734  7.56110137173535 
      0.001497006       0.001497006       0.001497006       0.001497006 
 7.57369784932124  7.64279087953874  7.67498852224707  7.68163825272271 
      0.001497006       0.001497006       0.001497006       0.001497006 
  7.7191388938353  7.83610574546763  7.96382556809174  7.98197224835109 
      0.001497006       0.001497006       0.001497006       0.001497006 
 7.99507141662185                 8  8.06403937840943   8.1683217558239 
      0.001497006       0.139221557       0.001497006       0.001497006 
 8.17039961687568  8.73145265919483  8.94094233467429  8.97115533405939 
      0.001497006       0.001497006       0.001497006       0.001497006 
                9 
      0.223053892 

  Parameters of node estado (multinomial distribution)

Conditional probability table:
 
      sol1
estado           0 0.168231255473902 0.238224080067233 0.324053663565171
     0 0.000000000       0.000000000       0.000000000       0.000000000
     1 1.000000000       1.000000000       1.000000000       1.000000000
      sol1
estado 0.358227140499372 0.425986615182278 0.475135653183864 0.475356379575754
     0       0.000000000       0.000000000       0.000000000       0.000000000
     1       1.000000000       1.000000000       1.000000000       1.000000000
      sol1
estado 0.590855940432609 0.654046174689686 0.73387431406312 0.768342282950566
     0       0.000000000       0.000000000      0.000000000       0.000000000
     1       1.000000000       1.000000000      1.000000000       1.000000000
      sol1
estado 0.768354916439197 0.92149195043503 0.923835956334691 0.977777374778039
     0       0.000000000      0.000000000       0.000000000       0.000000000
     1       1.000000000      1.000000000       1.000000000       1.000000000
      sol1
estado 0.980676418648393           1 1.63056403529473 2.25579672164849
     0       0.000000000 0.666666667      0.000000000      0.000000000
     1       1.000000000 0.333333333      1.000000000      1.000000000
      sol1
estado           3 3.53851875817762           4 4.00062574343339
     0 1.000000000      0.000000000 0.400000000      0.000000000
     1 0.000000000      1.000000000 0.600000000      1.000000000
      sol1
estado 4.00790356279184 4.02206926071563 4.02894772201419 4.05338028382387
     0      0.000000000      0.000000000      0.000000000      0.000000000
     1      1.000000000      1.000000000      1.000000000      1.000000000
      sol1
estado 4.05783057894898 4.07004379892571 4.11281185334607 4.13475089248236
     0      0.000000000      0.000000000      0.000000000      0.000000000
     1      1.000000000      1.000000000      1.000000000      1.000000000
      sol1
estado 4.14236564028729 4.21514801940215 4.22790093176229 4.24178055792184
     0      0.000000000      0.000000000      0.000000000      0.000000000
     1      1.000000000      1.000000000      1.000000000      1.000000000
      sol1
estado 4.28066723314755 4.31772191938658 4.34380780724854 4.35162016102636
     0      0.000000000      0.000000000      0.000000000      0.000000000
     1      1.000000000      1.000000000      1.000000000      1.000000000
      sol1
estado 4.37075106186465 4.40095781276747 4.42977214909965 4.46191803884504
     0      0.000000000      0.000000000      0.000000000      0.000000000
     1      1.000000000      1.000000000      1.000000000      1.000000000
      sol1
estado 4.53116793985124 4.56225623218483 4.60869391655695 4.61167930087219
     0      0.000000000      0.000000000      0.000000000      0.000000000
     1      1.000000000      1.000000000      1.000000000      1.000000000
      sol1
estado 4.6502232578077 4.70230867817879 4.71054607050995 4.71639075134818
     0     0.000000000      0.000000000      0.000000000      0.000000000
     1     1.000000000      1.000000000      1.000000000      1.000000000
      sol1
estado 4.73592859154923 4.73977223072089 4.77904254454078 4.80898858045708
     0      0.000000000      0.000000000      0.000000000      0.000000000
     1      1.000000000      1.000000000      1.000000000      1.000000000
      sol1
estado 4.81184875417001 4.82195734109735 4.82795692780901 4.84031923723552
     0      0.000000000      0.000000000      0.000000000      0.000000000
     1      1.000000000      1.000000000      1.000000000      1.000000000
      sol1
estado 4.89138444972613 4.90612997672013 4.9130507615537 4.94636055223409
     0      0.000000000      0.000000000     0.000000000      0.000000000
     1      1.000000000      1.000000000     1.000000000      1.000000000
      sol1
estado 4.95138370929869 4.97303676517719 4.99812797886216           5
     0      0.000000000      0.000000000      0.000000000 0.326530612
     1      1.000000000      1.000000000      1.000000000 0.673469388
      sol1
estado 5.02946974119413 5.07370585568852 5.09522775592501 5.11498949215812
     0      0.000000000      0.000000000      0.000000000      0.000000000
     1      1.000000000      1.000000000      1.000000000      1.000000000
      sol1
estado 5.12691166144501 5.14284659209528 5.17015436512074 5.19152629571394
     0      0.000000000      0.000000000      0.000000000      0.000000000
     1      1.000000000      1.000000000      1.000000000      1.000000000
      sol1
estado 5.19765385044637 5.22145317937993 5.24269033068128 5.25202352431773
     0      0.000000000      0.000000000      0.000000000      0.000000000
     1      1.000000000      1.000000000      1.000000000      1.000000000
      sol1
estado 5.26024829486198 5.27032596205902 5.29066791216915 5.29993709394506
     0      0.000000000      0.000000000      0.000000000      0.000000000
     1      1.000000000      1.000000000      1.000000000      1.000000000
      sol1
estado 5.31682405656069 5.33444500219561 5.35107442005461 5.36138425347217
     0      0.000000000      0.000000000      0.000000000      0.000000000
     1      1.000000000      1.000000000      1.000000000      1.000000000
      sol1
estado 5.37044793363511 5.37943796235432 5.39245151921905 5.41121115762406
     0      0.000000000      0.000000000      0.000000000      0.000000000
     1      1.000000000      1.000000000      1.000000000      1.000000000
      sol1
estado 5.42831317639633 5.42837367443037 5.42851758594599 5.44502969601076
     0      0.000000000      0.000000000      0.000000000      0.000000000
     1      1.000000000      1.000000000      1.000000000      1.000000000
      sol1
estado 5.44558374103907 5.45909461143177 5.47694014463928 5.52324238964286
     0      0.000000000      0.000000000      0.000000000      0.000000000
     1      1.000000000      1.000000000      1.000000000      1.000000000
      sol1
estado 5.53691091582016 5.54141982029714 5.54308583523181 5.54911725643899
     0      0.000000000      0.000000000      0.000000000      0.000000000
     1      1.000000000      1.000000000      1.000000000      1.000000000
      sol1
estado 5.57341623754378 5.58761602758811 5.59037350980816 5.59327346797793
     0      0.000000000      0.000000000      0.000000000      0.000000000
     1      1.000000000      1.000000000      1.000000000      1.000000000
      sol1
estado 5.60746382731598 5.60799077211205 5.63514540369281 5.63856470384122
     0      0.000000000      0.000000000      0.000000000      0.000000000
     1      1.000000000      1.000000000      1.000000000      1.000000000
      sol1
estado 5.67590510375941 5.72742603967443 5.74031823974986 5.7415019220948
     0      0.000000000      0.000000000      0.000000000     0.000000000
     1      1.000000000      1.000000000      1.000000000     1.000000000
      sol1
estado 5.7576378568603 5.76288049954985 5.79797705053776 5.82756030883776
     0     0.000000000      0.000000000      0.000000000      0.000000000
     1     1.000000000      1.000000000      1.000000000      1.000000000
      sol1
estado 5.82787860118603 5.85264311322025 5.861372015677 5.86681513804997
     0      0.000000000      0.000000000    0.000000000      0.000000000
     1      1.000000000      1.000000000    1.000000000      1.000000000
      sol1
estado 5.87365069479099 5.88036795241992 5.88615191097135 5.91221258948174
     0      0.000000000      0.000000000      0.000000000      0.000000000
     1      1.000000000      1.000000000      1.000000000      1.000000000
      sol1
estado 5.91618300687988 5.93354401068625 5.94755538265397 5.95101731032979
     0      0.000000000      0.000000000      0.000000000      0.000000000
     1      1.000000000      1.000000000      1.000000000      1.000000000
      sol1
estado 5.97450662363881 5.98169170590802 5.99046514323247           6
     0      0.000000000      0.000000000      0.000000000 0.500000000
     1      1.000000000      1.000000000      1.000000000 0.500000000
      sol1
estado 6.00228723302976 6.07942965880852 6.10296345976676 6.1242190490255
     0      0.000000000      0.000000000      0.000000000     0.000000000
     1      1.000000000      1.000000000      1.000000000     1.000000000
      sol1
estado 6.18197038671042 6.18807790840813 6.20049361187155 6.21463079990458
     0      0.000000000      0.000000000      0.000000000      0.000000000
     1      1.000000000      1.000000000      1.000000000      1.000000000
      sol1
estado 6.21797395316445 6.24303040470272 6.28546341948681 6.28690184518612
     0      0.000000000      0.000000000      0.000000000      0.000000000
     1      1.000000000      1.000000000      1.000000000      1.000000000
      sol1
estado 6.32132293730055 6.35693607159548 6.37036152578617 6.37502028225326
     0      0.000000000      0.000000000      0.000000000      0.000000000
     1      1.000000000      1.000000000      1.000000000      1.000000000
      sol1
estado 6.41602293351384 6.4183192232257 6.41993364013197 6.46400173857073
     0      0.000000000     0.000000000      0.000000000      0.000000000
     1      1.000000000     1.000000000      1.000000000      1.000000000
      sol1
estado 6.56525600322482 6.58626819311032 6.58959379232482 6.64602902659236
     0      0.000000000      0.000000000      0.000000000      0.000000000
     1      1.000000000      1.000000000      1.000000000      1.000000000
      sol1
estado 6.64911969727079 6.68466418762403 6.73410603827061 6.76868050576593
     0      0.000000000      0.000000000      0.000000000      0.000000000
     1      1.000000000      1.000000000      1.000000000      1.000000000
      sol1
estado 6.82781812602931 6.85225016929661 6.8817902416793 6.89978739477283
     0      0.000000000      0.000000000     0.000000000      0.000000000
     1      1.000000000      1.000000000     1.000000000      1.000000000
      sol1
estado 6.93614621297953           7 7.0039936650399 7.11765688157118
     0      0.000000000 0.880000000     0.000000000      0.000000000
     1      1.000000000 0.120000000     1.000000000      1.000000000
      sol1
estado 7.20288221130006 7.22281372852457 7.30820621674686 7.33249675350566
     0      0.000000000      0.000000000      0.000000000      0.000000000
     1      1.000000000      1.000000000      1.000000000      1.000000000
      sol1
estado 7.41493764368161 7.41876899712512 7.51188594754734 7.56110137173535
     0      0.000000000      0.000000000      0.000000000      0.000000000
     1      1.000000000      1.000000000      1.000000000      1.000000000
      sol1
estado 7.57369784932124 7.64279087953874 7.67498852224707 7.68163825272271
     0      0.000000000      0.000000000      0.000000000      0.000000000
     1      1.000000000      1.000000000      1.000000000      1.000000000
      sol1
estado 7.7191388938353 7.83610574546763 7.96382556809174 7.98197224835109
     0     0.000000000      0.000000000      0.000000000      0.000000000
     1     1.000000000      1.000000000      1.000000000      1.000000000
      sol1
estado 7.99507141662185           8 8.06403937840943 8.1683217558239
     0      0.000000000 0.903225806      0.000000000     0.000000000
     1      1.000000000 0.096774194      1.000000000     1.000000000
      sol1
estado 8.17039961687568 8.73145265919483 8.94094233467429 8.97115533405939
     0      0.000000000      0.000000000      0.000000000      0.000000000
     1      1.000000000      1.000000000      1.000000000      1.000000000
      sol1
estado           9
     0 0.993288591
     1 0.006711409

